1 714940
2 816328
3 864318
4 2271237
5 56355410
6 64586335
7 94735027
8 99392982
9 101007420
10 126958416
11 138116634
12 139946831
13 143157839
14 150566359
15 168895670
16 173441813
17 202439335
18 222881721
19 396050651
20 5710500
21 12657918
22 13530442
23 40582783
24 59148530
25 66663542
26 70386517
27 80710701
28 81454964
29 86806191
30 99280520
31 122313988
32 128945071
33 137092631
34 139650021
35 148001204
36 152397696
37 159826199
38 171633178
39 188620018
40 204614761
41 228031272
42 230356538
43 252160704
44 282758512
45 284663035
46 321157825
47 26451456
48 81891135
49 111676370
50 132620249
51 135793169
52 153892586
53 155168515
54 156967559
55 157723289
56 169325245
57 46432336
58 63625227
59 64981389
60 67569641
61 103477090
62 111204523
63 119617345
64 128149531
65 145759719
66 146491476
67 159489512
68 161114076
69 180104126
70 201209379
71 201700283
72 208153018
73 211996794
74 267000091
75 320214432
76 376518474
77 13718978
78 31507244
79 40445729
80 52251382
81 36628896
82 52897922
83 57269080
84 91720895
85 92467005
86 94571172
87 94796058
88 128423678
89 134353045
90 134824341
91 144266906
92 148344473
93 154114079
94 161845491
95 176371227
96 181077229
97 214058845
98 442633413
99 106774843
100 133492033
101 136011879
102 139543644
103 226173264
104 413177943
105 466478321
106 31970440
107 113682433
108 147221272
109 150507988
110 153710147
111 154050254
112 154099127
113 158914527
114 171927252
115 218684094
116 324850681
117 356511548
118 28094955
119 56172502
120 80157718
121 84830203
122 87351178
123 93798659
124 94854468
125 153932193
126 157744118
127 176838825
128 267674328
129 270780185
130 287835663
131 460912780
132 628144689
133 691855950
134 162584058
135 19197509
136 80935205
137 133040900
138 141956292
139 169205062
140 288144455
141 301824529
142 332826579
143 25610255
144 85109762
145 19038564
146 131343147
147 58760558
148 231276335
149 97659308
150 136685474
151 54120518
152 144105306
153 18136057
154 118263778
155 132075557
156 172084639
157 195140939
158 630238007
159 363886908
160 2745381
161 3542237
162 4138658
163 10379952
164 11036567
165 17151217
166 17443946
167 20328134
168 27628896
169 73218810
170 74667288
171 78781543
172 80320838
173 117457407
174 120743528
175 134046058
176 137591495
177 142747785
178 168742939
179 173612529
180 182744725
181 187224555
182 215886153
183 257643119
184 298557960
185 331890366
186 11336556
187 79789234
188 92008824
189 112011388
190 270538032
191 274886918
192 374782337
193 150783808
194 38326089
195 101306620
196 115990484
197 134495110
198 134759703
199 135931761
200 155118510
201 157819584
202 195542439
203 239492367
204 244976790
205 299976790
206 20110594
207 27314166
208 29916273
209 30196117
210 53304069
211 72766130
212 82022924
213 84994322
214 100429468
215 105918482
216 109463021
217 135469550
218 137441395
219 137889066
220 147919336
221 148534952
222 156990600
223 183517090
224 185107847
225 197317592
226 200257101
227 320374407
228 320435238
229 400735521
230 6325949
231 20312006
232 94354935
233 94421869
234 138090927
235 159320098
236 169678583
237 196979374
238 266025816
239 354200202
240 415528513
241 47051731
242 156121386
243 304984153
244 14470098
245 146943848
246 173427031
247 3699960
248 148058257
249 73863310
250 34414484
251 107526159
252 138380280
253 139507202
254 152927968
255 157203171
256 161902170
257 235683873
258 339854726
259 408149319
260 452736348
261 12501323
262 56441415
263 85898929
264 90694309
265 92173755
266 104225098
267 121461714
268 124889819
269 136650836
270 137366559
271 149076723
272 158859802
273 174348272
274 189967931
275 193129678
276 230109094
277 244598037
278 414036695
279 8232485
280 120047646
281 145842780
282 184511137
283 275843607
284 297786761
285 363882960
286 507107616
287 59031581
288 196817252
289 2881039
290 176682621
291 177671639
292 471794112
293 18069142
294 133855092
295 155312884
296 155385535
297 86675368
298 131872007
299 156815136
300 169068824
301 265665602
302 18647384
303 84830801
304 324868124
305 165759220
306 160775478
307 151380994
308 153959220
309 133021222
310 167636319
311 273708548
312 125398517
313 158032593
314 194103904
315 197079247
316 137085755
317 172977425
318 143260979
319 104551010
320 454691835
321 201703258
322 231918665
323 399997655
324 136047585
325 151317513
326 7334927
327 8070408
328 10969034
329 18931895
330 25130289
331 32993912
332 57385274
333 82715804
334 95195659
335 112092384
336 135723523
337 144076358
338 152552845
339 154623057
340 207226743
341 101721510
342 121306788
343 237042320
344 254036040
345 510492477
346 88028296
347 137638338
348 158424420
349 37575424
350 41795560
351 177203888
352 227424797
353 155273663
354 242190550
355 99347182
356 130824599
357 312841210
358 411949823
359 170307366
360 190688609
361 131745549
362 117943728
363 139753690
364 73652705
365 148285667
366 264600276
367 266793452
368 150946313
369 333034890
370 19015753
371 163360530
372 43019589
373 132810719
374 251620955
375 551887322
376 24533685
377 34163662
378 132001517
379 164508290
380 119249017
381 362196847
382 58340256
383 182119080
384 80053261
385 114174222
386 153940043
387 165813946
388 194435653
389 335948487
390 175108556
391 137712950
392 169288953
393 163795216
