#get_data_from_vk.py
# GMT Sun Jun  5 19:47:41 2022
# 
714940 816328 864318 2271237 56355410 64586335 94735027 99392982 101007420 126958416 138116634 139946831 143157839 150566359 168895670 173441813 202439335 222881721 396050651
816328 864318 2271237 5710500 12657918 13530442 40582783 59148530 66663542 70386517 80710701 81454964 86806191 99280520 99392982 122313988 126958416 128945071 137092631 138116634 139650021 148001204 150566359 152397696 159826199 171633178 173441813 188620018 204614761 228031272 230356538 252160704 282758512 284663035 321157825 396050651
864318 2271237 13530442 26451456 70386517 81891135 111676370 126958416 132620249 135793169 137092631 138116634 153892586 155168515 156967559 157723289 169325245 204614761 230356538 396050651
2271237 5710500 12657918 13530442 40582783 46432336 63625227 64981389 66663542 67569641 70386517 80710701 99280520 99392982 103477090 111204523 119617345 122313988 128149531 139650021 139946831 143157839 145759719 146491476 148001204 150566359 157723289 159489512 159826199 161114076 171633178 180104126 201209379 201700283 202439335 208153018 211996794 228031272 252160704 267000091 282758512 320214432 321157825 376518474 396050651
56355410 12657918 13718978 31507244 36628896 46432336 52251382 40445729 52897922 57269080 59148530 63625227 64981389 66663542 67569641 70386517 80710701 86806191 91720895 92467005 94571172 94735027 94796058 99280520 99392982 103477090 111676370 119617345 128423678 134353045 134824341 143157839 144266906 145759719 146491476 148001204 148344473 152397696 154114079 155168515 159489512 161845491 173441813 176371227 180104126 181077229 201209379 201700283 211996794 214058845 228031272 252160704 267000091 284663035 321157825 376518474 396050651 442633413
64586335 31507244 40582783 80935205 81891135 91720895 106774843 126958416 133040900 133492033 135793169 136011879 137092631 138116634 139543644 141956292 150566359 152397696 153892586 154114079 156967559 168895670 173441813 176371227 188620018 204614761 222881721 226173264 332826579 413177943 442633413 466478321
94735027 13718978 31970440 46432336 59148530 63625227 64981389 66663542 70386517 92467005 94571172 40445729 94796058 99280520 99392982 101007420 103477090 111204523 113682433 119617345 126958416 128149531 128423678 128945071 139650021 144266906 145759719 146491476 147221272 148344473 150507988 152397696 153710147 154050254 154099127 154114079 156967559 157723289 158914527 161845491 171927252 173441813 176371227 181077229 201700283 211996794 218684094 252160704 267000091 284663035 321157825 324850681 356511548 376518474 396050651
99392982 13718978 28094955 31507244 31970440 36628896 46432336 52251382 57269080 59148530 63625227 64981389 66663542 70386517 80157718 80710701 81454964 84830203 86806191 87351178 92467005 93798659 94571172 94796058 99280520 40445729 52897922 56172502 67569641 91720895 94854468 101007420 103477090 106774843 111204523 111676370 113682433 119617345 128423678 128945071 134353045 134824341 139650021 143157839 144266906 145759719 146491476 147221272 148001204 150507988 150566359 152397696 153710147 153892586 153932193 154050254 154099127 154114079 155168515 156967559 157723289 157744118 159489512 159826199 161845491 169325245 171633178 171927252 173441813 176371227 176838825 180104126 181077229 201209379 201700283 202439335 211996794 214058845 218684094 228031272 252160704 267000091 267674328 270780185 282758512 284663035 287835663 320214432 321157825 324850681 356511548 376518474 396050651 413177943 442633413 460912780 628144689 691855950
101007420 13718978 28094955 59148530 64981389 66663542 70386517 80710701 84830203 86806191 87351178 94571172 94796058 40445729 67569641 103477090 111676370 113682433 119617345 128945071 134353045 134824341 139650021 143157839 144266906 145759719 146491476 147221272 148001204 150507988 150566359 152397696 153710147 154099127 155168515 157723289 158914527 159826199 161845491 162584058 171633178 171927252 173441813 176371227 181077229 201209379 201700283 211996794 252160704 267000091 282758512 284663035 321157825 356511548 376518474 396050651 413177943 460912780
126958416 19197509 40582783 46432336 80935205 84830203 94796058 106774843 111204523 13530442 81891135 128149531 133040900 133492033 135793169 136011879 137092631 138116634 139543644 139946831 141956292 146491476 150507988 150566359 152397696 153892586 154099127 154114079 156967559 162584058 168895670 169205062 173441813 176371227 188620018 204614761 214058845 222881721 226173264 252160704 284663035 288144455 301824529 324850681 332826579 356511548 376518474 396050651 442633413 466478321
138116634 26451456 40582783 106774843 111676370 133492033 135793169 136011879 137092631 144105306 150566359 152397696 156967559 173441813 204614761 222881721 230356538 321157825 413177943 466478321
139946831 59148530 63625227 64981389 66663542 80710701 86806191 13530442 150566359 152397696 156967559 158914527 171927252 173441813 188620018 252160704 332826579 376518474
143157839 13718978 28094955 31507244 31970440 36628896 40582783 46432336 52251382 57269080 59148530 63625227 64981389 66663542 70386517 80710701 81454964 84830203 86806191 87351178 92467005 94571172 94796058 99280520 103477090 111676370 113682433 119617345 128423678 134353045 134824341 139650021 40445729 52897922 67569641 91720895 145759719 146491476 148001204 150507988 152397696 155168515 157723289 159489512 159826199 161845491 171633178 171927252 173441813 176838825 201209379 201700283 202439335 211996794 214058845 218684094 228031272 252160704 267000091 267674328 282758512 284663035 321157825 324850681 356511548 376518474 396050651 413177943
150566359 31507244 40582783 59148530 66663542 80935205 84830203 87351178 94571172 128423678 128945071 133492033 135793169 136011879 137092631 139543644 145759719 40445729 81891135 91720895 133040900 153710147 153892586 154099127 155168515 168895670 173441813 176371227 188620018 201700283 204614761 211996794 222881721 226173264 252160704 267000091 284663035 332826579 396050651 413177943 442633413 466478321
168895670 80935205 133492033 136011879 137092631 139543644 91720895 141956292 153892586 173441813 176371227 188620018 204614761 226173264 332826579 413177943
173441813 13718978 25610255 31970440 46432336 57269080 59148530 63625227 64981389 66663542 70386517 80710701 80935205 81454964 86806191 94571172 94796058 103477090 106774843 111204523 111676370 113682433 128149531 128423678 133492033 134353045 134824341 136011879 137092631 139543644 139650021 146491476 150507988 152397696 153932193 154099127 154114079 156967559 157744118 159826199 161114076 169205062 171927252 40445729 67569641 81891135 144266906 153892586 157723289 176371227 176838825 181077229 188620018 201209379 201700283 202439335 204614761 211996794 214058845 222881721 228031272 252160704 267674328 270780185 282758512 284663035 320214432 321157825 324850681 332826579 356511548 376518474 396050651 413177943 442633413 460912780 628144689
202439335 13718978 25610255 28094955 64981389 66663542 70386517 80710701 81454964 85109762 94796058 99280520 103477090 111204523 111676370 113682433 119617345 128423678 134824341 139650021 146491476 147221272 150507988 152397696 153932193 155168515 157744118 159826199 169325245 171633178 176838825 181077229 201209379 40445729 56172502 67569641 157723289 208153018 211996794 218684094 228031272 267674328 270780185 282758512 320214432 376518474 396050651 413177943 460912780 628144689 691855950
222881721 31507244 80935205 106774843 133492033 136011879 204614761 81891135 133040900 141956292 153892586 176371227 188620018 226173264 252160704 413177943 442633413 466478321
396050651 13718978 28094955 31970440 46432336 57269080 59148530 63625227 64981389 66663542 70386517 80710701 81454964 84830203 86806191 87351178 92467005 94571172 94796058 99280520 103477090 111204523 111676370 113682433 119617345 128149531 128423678 128945071 134353045 134824341 139650021 145759719 146491476 147221272 148001204 150507988 152397696 153710147 153932193 154099127 154114079 155168515 156967559 157744118 158914527 159826199 161114076 161845491 169205062 169325245 171633178 171927252 176838825 181077229 201209379 201700283 211996794 214058845 218684094 228031272 267000091 267674328 270780185 282758512 284663035 320214432 321157825 324850681 356511548 376518474 40445729 52897922 56172502 67569641 132620249 144266906 153892586 154050254 157723289 176371227 252160704 413177943 460912780 628144689 691855950
5710500 13530442 40582783 122313988 159826199
12657918 19038564 25610255 31970440 86806191 211996794 284663035
13530442 13718978 40582783 66663542 86806191 92467005 93798659 103477090 145759719 155168515 156967559 157744118 176838825 211996794
40582783 66663542 139543644 176371227 176838825 284663035 442633413
59148530 13718978 28094955 31507244 46432336 57269080 40445729 63625227 64981389 66663542 67569641 70386517 80710701 84830203 85109762 86806191 87351178 94571172 94796058 99280520 103477090 111204523 113682433 119617345 128149531 128423678 128945071 131343147 134353045 134824341 139650021 144266906 145759719 146491476 147221272 148344473 150507988 152397696 153710147 154099127 154114079 155168515 157723289 161845491 171633178 171927252 176371227 181077229 201209379 201700283 211996794 214058845 218684094 252160704 267000091 267674328 282758512 284663035 321157825 324850681 356511548 413177943
66663542 13718978 25610255 28094955 31507244 31970440 36628896 46432336 52251382 57269080 63625227 64981389 40445729 52897922 67569641 70386517 80710701 85109762 86806191 87351178 91720895 92467005 93798659 94796058 99280520 103477090 111204523 111676370 113682433 119617345 128149531 128423678 134353045 134824341 139650021 144266906 145759719 146491476 147221272 148001204 148344473 150507988 152397696 153710147 154050254 154114079 155168515 156967559 157723289 158914527 159489512 161845491 169205062 171633178 171927252 176371227 176838825 180104126 181077229 201209379 201700283 211996794 214058845 218684094 252160704 267000091 284663035 301824529 321157825 324850681 376518474 413177943
70386517 13718978 25610255 28094955 31507244 31970440 36628896 46432336 52251382 57269080 58760558 63625227 64981389 40445729 52897922 67569641 80710701 84830203 86806191 91720895 92467005 94571172 94796058 99280520 103477090 111676370 113682433 119617345 128423678 128945071 134353045 134824341 137092631 139650021 144266906 146491476 148001204 148344473 150507988 152397696 153892586 154050254 154099127 154114079 155168515 156967559 157723289 158914527 159489512 159826199 161845491 171633178 171927252 176838825 180104126 201209379 201700283 208153018 211996794 214058845 218684094 231276335 252160704 267000091 270780185 282758512 284663035 287835663 321157825 324850681 356511548 376518474 413177943 460912780
80710701 13718978 25610255 28094955 31507244 31970440 36628896 46432336 52251382 57269080 63625227 64981389 40445729 52897922 56172502 67569641 81454964 84830203 85109762 86806191 87351178 91720895 92467005 94571172 94796058 94854468 97659308 99280520 103477090 111204523 111676370 113682433 119617345 128149531 128423678 131343147 134353045 134824341 139650021 145759719 146491476 147221272 148001204 150507988 152397696 154050254 154099127 154114079 155168515 157723289 157744118 159489512 159826199 161114076 161845491 169325245 171633178 171927252 176371227 176838825 180104126 201209379 201700283 211996794 214058845 218684094 228031272 252160704 267000091 267674328 270780185 282758512 284663035 320214432 321157825 324850681 376518474 413177943 460912780
81454964 64981389 40445729 56172502 94796058 103477090 111204523 113682433 119617345 128423678 134353045 139650021 146491476 150507988 155168515 157723289 157744118 159826199 176838825 211996794 228031272 230356538 252160704 267000091 267674328 270780185 282758512 284663035 320214432 376518474 628144689
86806191 13718978 25610255 28094955 31970440 36628896 46432336 52251382 57269080 63625227 64981389 80157718 40445729 52897922 67569641 91720895 92467005 94571172 94796058 97659308 99280520 103477090 111204523 111676370 113682433 119617345 128423678 128945071 134353045 134824341 139650021 144266906 145759719 146491476 148001204 150507988 152397696 153710147 154050254 154114079 155168515 156967559 157723289 159489512 161114076 161845491 169205062 171633178 176371227 176838825 201209379 201700283 211996794 214058845 228031272 252160704 267000091 282758512 284663035 321157825 324850681 356511548 376518474 413177943 628144689
99280520 13718978 25610255 28094955 31507244 36628896 46432336 52251382 57269080 63625227 64981389 84830203 94571172 94796058 40445729 67569641 91720895 103477090 111676370 113682433 119617345 128423678 134353045 134824341 139650021 145759719 146491476 147221272 150507988 152397696 154099127 154114079 155168515 156967559 157723289 159489512 161114076 161845491 171633178 171927252 176838825 180104126 181077229 201209379 201700283 211996794 214058845 218684094 252160704 267000091 282758512 284663035 287835663 321157825 324850681 356511548 376518474 413177943 460912780
122313988 31970440
128945071 31507244 52251382 63625227 64981389 84830203 87351178 94571172 94796058 111204523 128423678 40445729 131343147 132620249 134824341 139650021 144266906 152397696 155168515 157723289 158914527 159489512 162584058 180104126 181077229 201209379 211996794 252160704 267000091 284663035 376518474
137092631 80935205 135793169 136011879 81891135 91720895 133040900 139543644 139650021 146491476 150507988 153892586 176371227 188620018 204614761 211996794 252160704 332826579 413177943 442633413 466478321
139650021 13718978 25610255 63625227 64981389 80157718 84830203 85109762 87351178 94571172 94796058 103477090 111204523 111676370 113682433 119617345 128149531 128423678 134353045 134824341 136685474 40445729 56172502 67569641 144266906 145759719 146491476 147221272 148001204 150507988 152397696 154050254 154099127 154114079 155168515 156967559 157723289 157744118 159489512 159826199 161845491 169205062 169325245 171633178 171927252 176371227 176838825 181077229 201209379 201700283 211996794 214058845 218684094 228031272 252160704 267674328 270780185 282758512 284663035 320214432 321157825 324850681 356511548 376518474 413177943 460912780 628144689 691855950
148001204 25610255 46432336 57269080 63625227 64981389 94571172 94796058 97659308 103477090 134353045 134824341 54120518 67569641 91720895 152397696 153710147 157723289 159489512 201209379 201700283 211996794 252160704 284663035 321157825 376518474 460912780
152397696 13718978 25610255 28094955 31507244 31970440 46432336 57269080 63625227 64981389 87351178 92467005 94571172 94796058 103477090 111204523 111676370 113682433 119617345 128423678 134353045 134824341 144105306 145759719 146491476 147221272 148344473 150507988 40445729 52897922 67569641 81891135 94854468 144266906 153710147 154050254 154099127 154114079 155168515 156967559 157723289 159489512 161114076 161845491 162584058 169205062 169325245 171927252 176371227 176838825 180104126 181077229 201209379 201700283 211996794 214058845 218684094 252160704 267000091 282758512 284663035 321157825 324850681 356511548 376518474 413177943 460912780
159826199 13718978 18136057 28094955 31970440 64981389 87351178 94796058 103477090 113682433 118263778 119617345 128423678 134353045 134824341 155168515 157744118 40445729 157723289 161114076 169325245 201209379 201700283 208153018 211996794 218684094 228031272 267000091 267674328 270780185 282758512 320214432 376518474 628144689 691855950
171633178 13718978 31970440 46432336 63625227 64981389 92467005 94796058 113682433 119617345 134353045 134824341 135793169 145759719 147221272 148344473 159489512 161114076 40445729 144266906 157723289 181077229 201209379 201700283 211996794 214058845 228031272 252160704 267000091 284663035 321157825 324850681 376518474
188620018 80935205 106774843 133492033 136011879 139543644 204614761 226173264 301824529 413177943 442633413
204614761 80935205 106774843 133492033 135793169 136011879 139543644 156967559 176838825 81891135 91720895 133040900 153892586 176371227 226173264 332826579 413177943 442633413 466478321
228031272 64981389 80157718 94796058 103477090 111204523 111676370 119617345 128423678 134353045 145759719 146491476 150507988 153932193 154114079 169325245 176838825 201209379 201700283 211996794 218684094 40445729 56172502 176371227 180104126 252160704 267674328 270780185 282758512 284663035 320214432 376518474 628144689 691855950
230356538 64981389 169205062 56172502 252160704
252160704 13718978 25610255 31970440 57269080 63625227 64981389 84830203 87351178 92467005 94571172 94796058 103477090 106774843 111204523 111676370 113682433 119617345 128149531 128423678 131343147 132075557 134353045 134824341 136011879 144105306 145759719 146491476 147221272 148344473 150507988 153710147 154099127 154114079 155168515 156967559 158914527 159489512 161114076 161845491 162584058 169205062 169325245 171927252 181077229 201209379 201700283 211996794 214058845 218684094 267000091 282758512 284663035 301824529 321157825 324850681 356511548 376518474 413177943 442633413
282758512 13718978 28094955 64981389 94796058 103477090 111204523 111676370 119617345 128423678 134353045 134824341 146491476 148344473 150507988 153932193 154114079 155168515 157744118 161114076 161845491 169325245 176838825 201209379 201700283 208153018 211996794 214058845 218684094 267674328 270780185 40445729 56172502 67569641 157723289 176371227 320214432 321157825 324850681 356511548 376518474 413177943 460912780 628144689 691855950
284663035 13718978 25610255 28094955 31507244 31970440 36628896 46432336 52251382 57269080 63625227 64981389 80935205 84830203 92467005 93798659 94571172 94796058 103477090 111676370 119617345 128423678 134824341 145759719 148344473 150507988 155168515 156967559 159489512 161845491 171927252 176838825 201209379 201700283 211996794 214058845 218684094 267000091 40445729 52897922 67569641 91720895 154050254 157723289 176371227 321157825 376518474 413177943 442633413
321157825 13718978 28094955 31507244 46432336 52251382 57269080 63625227 64981389 92467005 93798659 94571172 94796058 103477090 119617345 128423678 134353045 134824341 145759719 146491476 150507988 154099127 154114079 155168515 159489512 161845491 171927252 176838825 181077229 201209379 211996794 214058845 267000091 40445729 52897922 67569641 91720895 144266906 157723289 180104126 356511548 376518474 413177943 460912780
26451456 153710147
81891135 31507244 80935205 128423678 133492033 135793169 136011879 139543644 211996794 226173264 413177943 442633413
111676370 13718978 28094955 31970440 64981389 80935205 94796058 103477090 111204523 40445729 56172502 67569641 91720895 94854468 113682433 128423678 134353045 134824341 145759719 146491476 147221272 148344473 150507988 154099127 154114079 155168515 157723289 161845491 169205062 176371227 176838825 201209379 201700283 211996794 214058845 218684094 270780185 320214432 376518474 413177943 460912780 628144689 691855950
132620249 85109762 92467005 94796058 119617345 128423678 132075557 134824341 147221272 153710147 172084639 218684094 376518474
135793169 80935205 40445729 136011879 139543644 153892586 154099127 176371227 332826579 413177943 466478321
153892586 31507244 80935205 106774843 111204523 128423678 133492033 136011879 139543644 146491476 148344473 150507988 153710147 156967559 158914527 161845491 201700283 211996794 218684094 226173264 376518474 413177943 442633413 466478321
155168515 13718978 46432336 57269080 63625227 64981389 84830203 92467005 93798659 94571172 94796058 103477090 111204523 119617345 134353045 134824341 150507988 153710147 40445729 56172502 91720895 154050254 157723289 157744118 161845491 176838825 180104126 201209379 211996794 214058845 267000091 270780185 287835663 376518474 413177943 460912780 628144689 691855950
156967559 13718978 46432336 63625227 64981389 94796058 111204523 128149531 128423678 134824341 146491476 147221272 150507988 153710147 154099127 154114079 144266906 157723289 169205062 171927252 181077229 201700283 267000091 324850681 356511548 376518474 413177943
157723289 13718978 25610255 28094955 31970440 46432336 63625227 64981389 84830203 87351178 92467005 94571172 94796058 103477090 111204523 113682433 119617345 128149531 128423678 134353045 134824341 145759719 146491476 147221272 148344473 150507988 153932193 154099127 154114079 158914527 159489512 161845491 169205062 169325245 171927252 181077229 201209379 201700283 211996794 214058845 267000091 267674328 270780185 320214432 324850681 356511548 376518474 413177943 460912780
169325245 13718978 64981389 94796058 103477090 113682433 128423678 134824341 161114076 201700283 211996794 218684094 320214432 376518474 413177943 460912780
46432336 13718978 28094955 31507244 36628896 52251382 52897922 57269080 63625227 64981389 67569641 91720895 92467005 94796058 111204523 119617345 128423678 134824341 144266906 145759719 146491476 147221272 148344473 150507988 153710147 154050254 159489512 161845491 169205062 171927252 176371227 180104126 181077229 201209379 201700283 211996794 214058845 267000091 324850681 376518474 413177943 442633413
63625227 13718978 28094955 31507244 31970440 57269080 40445729 52897922 64981389 67569641 91720895 92467005 94571172 94796058 103477090 113682433 119617345 128423678 134824341 144266906 145759719 148344473 150507988 159489512 161845491 171927252 176838825 180104126 181077229 201209379 201700283 211996794 214058845 218684094 324850681 356511548 376518474 413177943
64981389 13718978 28094955 31507244 31970440 52251382 57269080 40445729 56172502 67569641 80157718 84830203 85109762 87351178 91720895 92467005 94571172 94796058 103477090 111204523 113682433 119617345 128423678 134353045 134824341 145759719 146491476 147221272 150507988 154099127 154114079 157744118 159489512 161114076 161845491 176371227 176838825 180104126 201209379 201700283 211996794 214058845 218684094 267000091 267674328 270780185 287835663 320214432 324850681 356511548 376518474 413177943 460912780 628144689
67569641 13718978 28094955 31507244 31970440 36628896 52251382 57269080 80157718 84830203 92467005 93798659 94571172 94796058 103477090 111204523 119617345 128423678 134824341 145759719 146491476 148344473 150507988 154114079 158914527 159489512 161845491 181077229 201209379 201700283 211996794 214058845 218684094 267000091 324850681 376518474 413177943
103477090 13718978 25610255 28094955 87351178 92467005 93798659 94571172 94796058 40445729 91720895 111204523 119617345 128149531 128423678 134353045 134824341 145759719 146491476 150507988 154099127 154114079 159489512 161114076 161845491 171927252 176371227 176838825 180104126 201209379 201700283 211996794 218684094 267000091 267674328 270780185 320214432 324850681 376518474 413177943 460912780
111204523 13718978 31970440 84830203 85109762 94571172 94796058 40445729 94854468 113682433 119617345 128149531 128423678 131343147 134353045 134824341 146491476 147221272 148344473 150507988 153710147 154050254 154099127 157744118 161845491 176371227 176838825 181077229 201209379 201700283 211996794 267000091 267674328 270780185 320214432 324850681 356511548 376518474 413177943 442633413 628144689 691855950
119617345 13718978 28094955 31970440 57269080 80157718 84830203 87351178 92467005 94571172 94796058 113682433 40445729 52897922 91720895 128423678 134353045 134824341 145759719 146491476 147221272 148344473 150507988 159489512 161845491 176371227 180104126 201209379 201700283 211996794 214058845 218684094 267000091 267674328 324850681 376518474 413177943 442633413
128149531 25610255 28094955 85109762 92467005 94571172 94796058 113682433 128423678 134353045 134824341 136011879 144266906 146491476 147221272 150507988 154099127 154114079 158914527 169205062 171927252 181077229 201209379 201700283 211996794 218684094 376518474 413177943 460912780
145759719 13718978 28094955 31507244 52251382 57269080 87351178 92467005 94571172 94796058 113682433 128423678 134824341 52897922 91720895 144266906 148344473 150507988 154099127 154114079 159489512 161114076 161845491 169205062 176371227 180104126 181077229 201209379 201700283 211996794 214058845 267000091 267674328 376518474 413177943 442633413 460912780
146491476 13718978 28094955 57269080 84830203 94796058 113682433 134353045 134824341 40445729 56172502 94854468 144266906 147221272 148344473 150507988 153710147 154050254 154099127 154114079 157744118 158914527 159489512 161845491 169205062 171927252 176371227 176838825 201209379 201700283 211996794 214058845 218684094 267000091 267674328 270780185 320214432 324850681 332826579 356511548 376518474 460912780 628144689 691855950
159489512 13718978 25610255 28094955 57269080 92467005 94796058 134824341 147221272 150507988 154114079 52897922 91720895 161845491 180104126 201209379 201700283 211996794 214058845 267000091 376518474
161114076 85109762 87351178 93798659 94796058 113682433 128423678 154114079 40445729 176371227 180104126 201209379 201700283 211996794 267674328 320214432
180104126 31507244 93798659 94796058 134824341 144105306 147221272 153710147 161845491 181077229 195140939 201209379 201700283 208153018 211996794 267000091 376518474 630238007
201209379 13718978 28094955 31507244 36628896 52251382 57269080 84830203 87351178 92467005 94571172 94796058 113682433 128423678 134353045 134824341 147221272 150507988 154099127 158914527 161845491 171927252 176838825 40445729 52897922 91720895 94854468 144266906 176371227 201700283 211996794 218684094 267000091 267674328 320214432 324850681 356511548 376518474 413177943 460912780
201700283 13718978 28094955 31507244 31970440 36628896 52251382 57269080 80157718 85109762 92467005 94571172 94796058 113682433 128423678 131343147 134353045 134824341 136685474 148344473 150507988 153710147 154099127 154114079 161845491 169205062 171927252 176838825 181077229 40445729 52897922 91720895 176371227 211996794 214058845 218684094 267000091 287835663 324850681 356511548 376518474 413177943 442633413 460912780
208153018 134824341 267000091 363886908
211996794 13718978 19038564 25610255 28094955 31507244 31970440 36628896 52251382 57269080 80157718 84830203 85109762 87351178 92467005 94571172 94796058 113682433 128423678 131343147 134353045 134824341 147221272 148344473 150507988 153710147 153932193 154099127 154114079 157744118 158914527 161845491 171927252 176838825 181077229 195140939 40445729 52897922 56172502 91720895 94854468 144266906 154050254 176371227 214058845 218684094 267000091 267674328 270780185 320214432 324850681 356511548 376518474 413177943 442633413 460912780
267000091 13718978 28094955 31507244 57269080 84830203 85109762 92467005 94571172 94796058 128423678 134824341 136685474 148344473 153710147 154114079 158914527 161845491 169205062 214058845 40445729 91720895 144266906 176371227 267674328 320214432 324850681 376518474 413177943 442633413 628144689 691855950
320214432 19038564 25610255 94796058 128423678 134353045 150507988 171927252 218684094 267674328 270780185 40445729 56172502 376518474 460912780 628144689 691855950
376518474 13718978 28094955 31507244 36628896 52251382 57269080 84830203 85109762 92467005 93798659 94571172 94796058 113682433 128423678 131343147 134353045 134824341 147221272 148344473 150507988 153710147 154099127 154114079 157744118 158914527 161845491 169205062 171927252 176838825 181077229 214058845 218684094 267674328 270780185 324850681 356511548 363886908 40445729 52897922 56172502 91720895 94854468 144266906 154050254 176371227 413177943
2745381 3542237 4138658 10379952 11036567 17151217 17443946 20328134 27628896 73218810 74667288 78781543 80320838 117457407 120743528 134046058 137591495 142747785 168742939 173612529 182744725 187224555 215886153 257643119 298557960 331890366
3542237 4138658 11336556 74667288 79789234 92008824 112011388 117457407 137591495 270538032 274886918 374782337
4138658 150783808 182744725 298557960
10379952 38326089 101306620 115990484 134495110 134759703 135931761 155118510 157819584 168742939 173612529 195542439 239492367 244976790 257643119 299976790
11036567 17151217 17443946 20110594 27314166 29916273 30196117 53304069 72766130 73218810 80320838 82022924 84994322 100429468 105918482 109463021 135469550 137441395 137591495 137889066 147919336 148534952 156990600 183517090 185107847 197317592 200257101 244976790 298557960 320374407 320435238 354200202 400735521
17151217 6325949 20110594 20312006 27314166 29916273 72766130 73218810 80320838 82022924 94354935 94421869 105918482 135469550 137441395 137591495 137889066 138090927 147919336 156990600 159320098 169678583 196979374 197317592 244976790 266025816 298557960 354200202 400735521 415528513
17443946 6325949 20110594 20312006 27314166 47051731 72766130 80320838 82022924 84994322 94421869 137441395 137591495 137889066 148534952 156121386 156990600 159320098 182744725 304984153 354200202
20328134 14470098 142747785 146943848
27628896 134046058 173427031
73218810 3699960 6325949 30196117 72766130 137591495 142747785 148058257 183517090 185107847
74667288 11336556 73863310 34414484 78781543 92008824 94354935 107526159 112011388 117457407 134495110 135931761 138380280 139507202 148534952 152927968 155118510 156990600 157203171 161902170 168742939 169678583 173612529 195542439 235683873 244976790 257643119 270538032 339854726 408149319 452736348
78781543 12501323 56441415 85898929 90694309 92173755 101306620 104225098 107526159 112011388 115990484 117943728 121461714 124889819 134495110 134759703 136650836 137366559 139507202 148534952 149076723 152927968 155118510 157819584 158859802 168742939 173612529 174348272 189967931 193129678 230109094 235683873 244598037 244976790 257643119 266025816 270538032
80320838 3699960 6325949 20110594 20312006 29916273 27314166 72766130 82022924 94354935 94421869 100429468 135469550 137441395 137591495 137889066 138090927 156990600 169678583 196979374 215886153 244976790 266025816 298557960 331890366 354200202 400735521 414036695 415528513
117457407 11336556 73863310 80157718 92008824 92173755 104225098 112011388 121461714 148285667 148534952 152927968 157203171 159320098 168742939 173612529 244976790 298557960 414036695 452736348
120743528 8232485 120047646 145842780 184511137 275843607 297786761 320435238 363882960 507107616
134046058 59031581 196817252
137591495 2881039 6325949 20312006 29916273 82022924 84994322 94354935 94421869 137366559 137441395 27314166 72766130 148534952 156121386 156990600 159320098 169678583 183517090 244976790 266025816 298557960 354200202 400735521 415528513
142747785 72766130 176682621 177671639 275843607 298557960 320435238 374782337 471794112
168742939 11336556 12501323 18069142 56441415 92008824 92173755 101306620 112011388 115990484 133855092 134495110 137441395 139507202 148534952 149076723 152927968 155118510 155312884 155385535 157203171 157819584 158859802 34414484 38326089 86675368 131872007 135469550 135931761 156815136 169068824 173612529 174348272 187224555 189967931 195542439 230109094 244598037 244976790 257643119 265665602 266025816 298557960 299976790 414036695
173612529 11336556 18069142 18647384 85898929 90694309 101306620 104225098 112011388 121461714 124889819 134495110 134759703 148534952 152927968 155118510 155385535 157819584 38326089 84830801 135931761 187224555 195542439 244598037 257643119 298557960 299976790 324868124
182744725 11336556 30196117 47051731 94421869 177671639 185107847 298557960 304984153 354200202 452736348
187224555 101306620 148534952 155118510 155312884 155385535 157203171 165759220 195542439 215886153 257643119 270538032 324850681
215886153 155385535 160775478 183517090 189967931 72766130 331890366
257643119 12501323 18647384 101306620 112011388 134495110 134759703 136650836 137366559 148534952 161902170 165759220 174348272 34414484 135931761 156815136 169068824 239492367 324868124 299976790
298557960 18069142 20110594 47051731 82022924 90694309 94421869 101306620 104225098 124889819 134759703 151380994 155118510 157819584 38326089 72766130 84830801 135469550 156121386 195542439 320435238 354200202 452736348 471794112
331890366 6325949 20312006 29916273 47051731 84994322 94421869 137441395 137889066 138090927 151380994 153959220 156990600 159320098 169678583 183517090 197317592 244976790 266025816 147919336 354200202 400735521 414036695
2881039 94354935 135469550 137441395 137889066 138090927 156990600 266025816 400735521 414036695
94354935 6325949 14470098 20110594 20312006 29916273 47051731 72766130 100429468 105918482 133021222 135469550 137889066 138090927 148534952 156121386 156990600 167636319 169678583 183517090 196979374 197317592 200257101 230109094 244976790 273708548 354200202 400735521 414036695 415528513
135469550 11336556 12501323 20110594 20312006 29916273 47051731 85898929 92173755 94421869 100429468 101306620 104225098 112011388 121461714 125398517 136650836 137441395 137889066 138090927 147919336 148285667 148534952 156990600 158032593 159320098 167636319 189967931 194103904 196979374 197079247 197317592 200257101 244976790 266025816 354200202 400735521 414036695 415528513
137441395 6325949 20110594 20312006 29916273 47051731 73863310 82022924 94421869 100429468 125398517 133021222 137366559 27314166 72766130 84994322 137889066 138090927 147919336 148534952 156121386 156990600 159320098 169678583 183517090 189967931 196979374 197079247 197317592 200257101 244976790 266025816 273708548 320374407 354200202 400735521 408149319 414036695 415528513
137889066 6325949 20312006 29916273 47051731 82022924 84994322 100429468 125398517 137085755 27314166 72766130 138090927 147919336 156121386 156990600 159320098 167636319 169678583 185107847 196979374 197079247 197317592 244976790 266025816 273708548 354200202 400735521 414036695 415528513
138090927 6325949 20110594 20312006 29916273 47051731 84994322 125398517 27314166 72766130 148534952 156121386 156990600 159320098 169678583 183517090 197317592 200257101 244976790 266025816 273708548 320374407 354200202 400735521 414036695 415528513
156990600 6325949 20110594 20312006 29916273 47051731 82022924 84994322 92008824 94421869 100429468 125398517 133021222 137085755 147919336 148534952 27314166 72766130 156121386 159320098 167636319 169678583 183517090 196979374 197079247 197317592 200257101 244976790 266025816 273708548 320374407 354200202 400735521 414036695 415528513
11336556 18647384 73863310 79789234 80157718 86675368 92008824 92173755 104225098 112011388 134759703 138380280 139507202 148534952 152927968 155118510 157203171 159320098 189967931 195542439 235683873 244598037 244976790 266025816 274886918 414036695
79789234 86675368 137085755 138380280 139507202 157203171 172977425 270538032
92008824 20110594 34414484 112011388 148534952 157203171 195542439 244976790 414036695
112011388 18647384 56441415 80157718 85898929 101306620 104225098 34414484 38326089 104551010 115990484 121461714 131872007 134495110 134759703 135931761 136650836 139507202 143260979 148534952 149076723 152927968 155118510 155385535 157203171 160775478 169068824 174348272 189967931 193129678 195542439 197317592 244598037 244976790 265665602 270538032 274886918 324868124 374782337 414036695 452736348
270538032 18647384 134759703 139507202 152927968 155312884 172977425 34414484 104551010 275843607 374782337 414036695 454691835
274886918 124889819 34414484 201703258 339854726 374782337 454691835
374782337 139507202 148534952 152927968 161902170 176682621 177671639 244976790 275843607 135931761 231918665 399997655 452736348
3699960
150783808 59031581 136047585 151317513 173427031
6325949 20110594 20312006 27314166 29916273 47051731 72766130 82022924 84994322 94421869 100429468 125398517 137085755 137366559 148534952 159320098 167636319 169678583 183517090 196979374 197317592 200257101 244976790 266025816 273708548 354200202 400735521 414036695 415528513
20110594 20312006 27314166 29916273 47051731 53304069 72766130 84994322 100429468 125398517 148534952 159320098 169678583 196979374 197317592 244976790 266025816 273708548 320374407 354200202 400735521 414036695 415528513
20312006 18647384 27314166 29916273 47051731 53304069 72766130 82022924 84994322 94421869 100429468 133021222 137085755 147919336 148534952 156121386 159320098 167636319 169678583 183517090 196979374 197317592 200257101 244976790 266025816 273708548 320374407 354200202 400735521 414036695 415528513
27314166 29916273 47051731 82022924 84994322 94421869 125398517 169678583 196979374 197317592 244976790 266025816 320374407 354200202 400735521 414036695 415528513
29916273 47051731 72766130 82022924 84994322 94421869 100429468 125398517 133021222 147919336 148534952 156121386 159320098 160775478 167636319 169678583 174348272 183517090 196979374 197079247 197317592 200257101 244598037 244976790 266025816 273708548 354200202 400735521 414036695 415528513
47051731 53304069 72766130 84994322 94421869 100429468 125398517 148534952 156121386 159320098 160775478 169678583 183517090 189967931 196979374 197317592 200257101 244976790 266025816 273708548 320374407 354200202 400735521 414036695 415528513
72766130 30196117 82022924 84994322 94421869 100429468 125398517 147919336 169678583 183517090 196979374 197317592 244976790 266025816 354200202 400735521 414036695 415528513 471794112
82022924 30196117 84994322 94421869 104225098 147919336 244976790 354200202 471794112
84994322 94421869 100429468 147919336 148534952 156121386 159320098 167636319 169678583 189967931 196979374 197317592 200257101 244976790 266025816 273708548 354200202 400735521 414036695 415528513
94421869 30196117 125398517 148534952 151380994 169678583 183517090 196979374 244976790 266025816 354200202 400735521 414036695
100429468 125398517 147919336 148534952 156121386 159320098 167636319 169678583 196979374 197317592 200257101 244976790 266025816 320374407 354200202 400735521 414036695 415528513 452736348
125398517 119249017 169678583 183517090 189967931 196979374 197317592 200257101 266025816 354200202 400735521 414036695 415528513
137085755 133021222 104551010 138380280 139507202 159320098 197317592 244976790 273708548 414036695
137366559 12501323 56441415 90694309 101306620 115990484 121461714 134759703 136650836 135931761 157819584 169068824 193129678 195542439 299976790
148534952 12501323 18647384 80157718 85898929 92173755 101306620 107526159 115990484 117943728 121461714 124889819 134495110 134759703 143260979 148285667 34414484 38326089 86675368 104551010 135931761 149076723 152927968 156121386 157203171 158859802 159320098 160775478 161902170 163360530 167636319 169068824 169678583 172977425 174348272 183517090 195542439 197317592 200257101 201703258 244598037 244976790 266025816 273708548 324868124 339854726 354200202 400735521 414036695 415528513
159320098 73863310 85898929 157203171 104551010 156121386 196979374 197317592 200257101 244598037 244976790 266025816 273708548 354200202 400735521 414036695 415528513 452736348
167636319 197317592 200257101 244976790 354200202 400735521 415528513
169678583 133021222 151380994 156121386 183517090 196979374 200257101 244976790 273708548 354200202 400735521 408149319 415528513 471794112
183517090 104225098 43019589 189967931 196979374 197317592 200257101 244976790 266025816 273708548 354200202 400735521 414036695 415528513
196979374 197317592 200257101 244976790 266025816 354200202 400735521 414036695
197317592 138380280 139507202 147919336 158032593 104551010 156121386 200257101 244976790 266025816 273708548 354200202 400735521 414036695 415528513 471794112
200257101 156121386 244976790 266025816 354200202 400735521 414036695 415528513
244976790 73652705 85898929 92173755 121461714 134495110 139753690 143260979 148285667 152927968 157203171 157819584 158032593 174348272 189967931 194103904 197079247 230109094 86675368 104551010 131872007 156121386 195542439 266025816 273708548 320374407 339854726 354200202 400735521 414036695 415528513 452736348
266025816 133021222 138380280 156121386 273708548 354200202 400735521 414036695 415528513
273708548 354200202 400735521 414036695 415528513
354200202 73652705 139507202 147919336 172977425 189967931 320374407 156121386 400735521 408149319 414036695 415528513
400735521 133021222 320374407 156121386 414036695 471794112
414036695 138380280 157203171 104551010 156121386 415528513
415528513 156121386
7334927 8070408 10969034 18931895 19197509 25130289 32993912 57385274 82715804 95195659 112092384 135723523 144076358 152552845 153959220 154623057 207226743
8070408 10969034 18931895 25130289 36628896 57385274 95195659 101721510 112092384 121306788 136685474 144076358 207226743 237042320 254036040 510492477
10969034 18931895 25130289 57385274 88028296 112092384 121306788 137638338 153959220 158424420 207226743 254036040
18931895 19197509 25130289 32993912 36628896 37575424 41795560 57385274 82715804 112092384 121306788 135723523 137638338 144076358 152552845 153959220 154623057 158424420 177203888 207226743 227424797 237042320 510492477
19197509 25130289 32993912 37575424 41795560 57385274 82715804 101721510 112092384 121306788 135723523 137638338 144076358 152552845 154623057 155273663 177203888 510492477
25130289 32993912 36628896 37575424 57385274 82715804 95195659 101721510 112092384 121306788 135723523 136685474 137638338 144076358 152552845 153959220 154623057 158424420 177203888 207226743 227424797 510492477
32993912 36628896 37575424 57385274 82715804 112092384 121306788 135723523 137638338 144076358 153959220 154623057 158424420 177203888 207226743 242190550 510492477
57385274 36628896 37575424 82715804 95195659 112092384 121306788 135723523 137638338 144076358 152552845 154623057 177203888 207226743 237042320 254036040
82715804 36628896 41795560 37575424 95195659 112092384 121306788 135723523 137638338 144076358 153959220 154623057 207226743
95195659 36628896 41795560 101721510 121306788 136685474 144076358 152552845 153959220 154623057 207226743
112092384 36628896 41795560 37575424 121306788 135723523 137638338 144076358 152552845 155273663 177203888 207226743
135723523 101721510 121306788 37575424 137638338 144076358 152552845 154623057 155273663 177203888 207226743 237042320 510492477
144076358 36628896 121306788 136685474 137638338 37575424 152552845 153959220 154623057 158424420 177203888 207226743 237042320 242190550 254036040
152552845 121306788 137638338 37575424 153959220 154623057 155273663 158424420 177203888 207226743
153959220 36628896 136685474 137638338 37575424 154623057 177203888 207226743 242190550 510492477
154623057 36628896 136685474 137638338 158424420 237042320 242190550 510492477
207226743 36628896 101721510 121306788 137638338 155273663 158424420 227424797 242190550 510492477
36628896 13718978 25610255 28094955 31507244 31970440 37575424 52251382 52897922 92467005 94796058 101721510 134824341 136685474 137638338 161845491 214058845 227424797 510492477
101721510 37575424 121306788 510492477
121306788 137638338 155273663 158424420 227424797
136685474 25610255 31970440 54120518 137638338 177203888
237042320 137638338 37575424 177203888
254036040
510492477 137638338 155273663 158424420 227424797 37575424
8232485 120047646 275843607 297786761 320435238 363882960 507107616
120047646 99347182 145842780 275843607 297786761 320435238 363882960 408149319 507107616
275843607 130824599 152927968 176682621 177671639 184511137 312841210 363882960 399997655 408149319 411949823 507107616
297786761 363882960
320435238 177671639 304984153 185107847 507107616
363882960 184511137
507107616
38326089 12501323 18069142 90694309 101306620 109463021 124889819 133855092 134495110 134759703 139507202 155118510 157819584 185107847 190688609 299976790 408149319
101306620 12501323 18069142 56441415 90694309 92173755 84830801 115990484 131872007 133855092 134495110 134759703 135931761 136650836 155118510 156815136 157819584 169068824 170307366 174348272 189967931 190688609 195542439 239492367 244598037 299976790 339854726
115990484 12501323 18069142 90694309 134495110 134759703 135931761 139507202 155118510 169068824 174348272 193129678 195542439 201703258 299976790
134495110 86675368 134759703 135931761 136650836 155118510 174348272 190688609 195542439 299976790 339854726
134759703 12501323 18069142 56441415 90694309 107526159 117943728 121461714 124889819 131745549 133855092 84830801 86675368 104551010 135931761 136650836 139507202 139753690 155118510 155385535 156815136 157819584 158859802 169068824 174348272 190688609 193129678 195542439 230109094 299976790 339854726 408149319
135931761 12501323 18069142 56441415 90694309 107526159 117943728 124889819 133855092 136650836 138380280 139507202 139753690 148285667 152927968 155118510 157819584 160775478 174348272 190688609 193129678 194103904 230109094 244598037 265665602 299976790
155118510 18069142 56441415 90694309 121461714 133855092 149076723 84830801 157203171 157819584 160775478 195542439 244598037 299976790
157819584 18069142 73652705 85898929 90694309 124889819 130824599 133855092 139753690 148285667 84830801 190688609 239492367 299976790 408149319
195542439 12501323 18069142 56441415 73863310 90694309 104225098 107526159 121461714 124889819 136650836 143260979 152927968 155312884 155385535 157203171 158032593 174348272 244598037 264600276 266793452 452736348
239492367 190688609
299976790 18069142 90694309 136650836 139507202 84830801
88028296
137638338 37575424 177203888 227424797 242190550
158424420
30196117 146943848 150946313 151380994 160775478 333034890
53304069
105918482 185107847
109463021 19015753 304984153
147919336
185107847 136047585 304984153
320374407
18647384 73863310 143260979 169068824 174348272 244598037
73863310 80157718 84830801 92173755 132810719 157203171
80157718 28094955 94796058 157203171
86675368 73652705 90694309 92173755 104225098 107526159 117943728 139753690 148285667 158032593 189967931 194103904 197079247 230109094 235683873 244598037 408149319
92173755 12501323 107526159 117943728 131872007 148285667 158032593 189967931 194103904 197079247 230109094 235683873 244598037
104225098 12501323 85898929 34414484 104551010 107526159 117943728 121461714 124889819 138380280 139507202 158859802 165759220 230109094 235683873 244598037 264600276 339854726 452736348
138380280 139507202 174348272 235683873 244598037
139507202 12501323 85898929 107526159 121461714 136650836 104551010 148285667 152927968 156815136 158032593 161902170 169068824 193129678 235683873 244598037 265665602 324868124 339854726 452736348
152927968 34414484 104551010 161902170
157203171 155385535 104551010 408149319 452736348
189967931 121461714 133021222 158032593 104551010 131872007 197079247 230109094 244598037
235683873
244598037 85898929 117943728 121461714 136650836 143260979 149076723 158032593 160775478 163360530 174348272 193129678 230109094 104551010 131872007 169068824 324868124 339854726
12501323 56441415 90694309 104551010 107526159 117943728 124889819 136650836 139753690 148285667 156815136 158032593 158859802 169068824 174348272 193129678 324868124 339854726
56441415 90694309 104551010 136650836 156815136 169068824 193129678 230109094 324868124
90694309 85898929 84830801 104551010 107526159 117943728 124889819 136650836 148285667 158032593 169068824 170307366 174348272 190688609 193129678 230109094 251620955 324868124 339854726 408149319
104551010 107526159 124889819 136650836 139753690 143260979 158032593 174348272 193129678 194103904 197079247 230109094 452736348
107526159 121461714 136650836 156815136 158032593 169068824 174348272 193129678 230109094 324868124 339854726
117943728 34414484 84830801 124889819 131872007 148285667 158032593 158859802 174348272 193129678 230109094 339854726
124889819 18069142 34414484 133855092 139753690 158859802 174348272 190688609 201703258 230109094 339854726
136650836 85898929 34414484 84830801 158032593 160775478 169068824 193129678 194103904 339854726
139753690 18069142 148285667 158032593 174348272 190688609 194103904
148285667 131872007 158032593 158859802 174348272 230109094 339854726
156815136 174348272 193129678
158032593 131872007 169068824 174348272 193129678 194103904 197079247 230109094 339854726
158859802 18069142 121461714 34414484 169068824 174348272 193129678 339854726
169068824 121461714 143260979 160775478 174348272 193129678
174348272 121461714 143260979 160775478 193129678 194103904 324868124 339854726 408149319
193129678 121461714 143260979 84830801 194103904 324868124 339854726 408149319
324868124 121461714 143260979 160775478
339854726 85898929 121461714 194103904 197079247
19038564
25610255 13718978 52897922 56172502 91720895 92467005 94571172 94796058 94854468 113682433 134824341 154114079 158914527 171927252 214058845 218684094
31970440 13718978 28094955 52897922 92467005 128423678 134824341 150507988 154114079 171927252 176838825 218684094 267674328 324850681 413177943
13718978 28094955 31507244 40445729 52251382 52897922 57269080 84830203 85109762 92467005 94571172 94796058 113682433 128423678 134353045 134824341 144266906 147221272 150507988 153710147 153932193 154050254 154099127 154114079 161845491 171927252 176371227 176838825 195140939 214058845 324850681 356511548 413177943
28094955 31507244 40445729 52251382 52897922 57269080 91720895 92467005 94571172 94796058 128423678 134353045 134824341 150507988 161845491 214058845 218684094 413177943
31507244 40445729 52251382 52897922 57269080 84830203 85109762 91720895 92467005 94796058 128423678 134824341 139543644 161845491 176371227 181077229 195140939 214058845 413177943 442633413
40445729 80935205 84830203 85109762 87351178 94571172 94796058 113682433 128423678 134353045 134824341 147221272 148344473 150507988 153710147 154099127 154114079 161845491 169205062 172084639 176838825 181077229 218684094 267674328 270780185 324850681 356511548 413177943 460912780 628144689 691855950
52251382 52897922 57269080 85109762 91720895 92467005 94796058 134824341 161845491 169205062 214058845
52897922 57269080 92467005 94796058 128423678 134824341 161845491 169205062 214058845
57269080 92467005 94571172 94796058 134824341 147221272 158914527 161845491 181077229 214058845 218684094 301824529 413177943
84830203 85109762 94796058 94854468 113682433 134824341 144266906 147221272 150507988 154099127 154114079 158914527 161845491 171927252 176838825 181077229 214058845 218684094 356511548 413177943
85109762 94796058 134353045 134824341 147221272
92467005 91720895 94796058 113682433 128423678 134824341 144266906 150507988 153710147 161845491 176838825 181077229 214058845 218684094 324850681 413177943
94571172 87351178 94796058 113682433 128423678 134353045 134824341 144266906 150507988 153710147 154050254 154099127 161845491 171927252 176838825 218684094 324850681 413177943
94796058 93798659 91720895 113682433 128423678 134353045 134824341 144266906 147221272 148344473 150507988 153710147 154050254 154099127 154114079 161845491 169205062 171927252 176371227 176838825 181077229 195140939 214058845 218684094 324850681 413177943 460912780
113682433 87351178 128423678 131343147 134353045 134824341 144266906 147221272 150507988 153710147 154050254 154099127 154114079 158914527 169205062 171927252 176371227 324850681 413177943 460912780
128423678 87351178 56172502 134353045 134824341 144266906 147221272 148344473 150507988 154050254 154114079 161845491 171927252 176371227 176838825 181077229 214058845 218684094 267674328 270780185 324850681 356511548 413177943 442633413 460912780
134353045 56172502 134824341 147221272 148344473 150507988 154099127 157744118 161845491 169205062 176371227 176838825 214058845 218684094 267674328 270780185 413177943 628144689
134824341 87351178 93798659 131343147 132075557 56172502 91720895 94854468 144266906 147221272 148344473 150507988 153710147 153932193 154050254 154099127 154114079 157744118 158914527 161845491 169205062 171927252 172084639 176371227 176838825 181077229 214058845 218684094 267674328 270780185 324850681 356511548 413177943 442633413 460912780 628144689 691855950
144266906 87351178 147221272 148344473 150507988 153710147 158914527 161845491 181077229 218684094 356511548 413177943
147221272 94854468 148344473 150507988 154099127 154114079 158914527 161845491 169205062 171927252 176371227 181077229 218684094 267674328 301824529 356511548 413177943 628144689
150507988 87351178 148344473 56172502 94854468 153710147 154050254 154099127 154114079 157744118 158914527 161845491 171927252 176371227 176838825 181077229 214058845 218684094 267674328 270780185 324850681 356511548 413177943 628144689 691855950
153710147 80935205 87351178 144105306 148344473 158914527 161845491 162584058 176371227 181077229 218684094 324850681 413177943 442633413
153932193 214058845 267674328 460912780 551887322
154050254 148344473 161845491 181077229 324850681
154099127 87351178 154114079 169205062 171927252 176371227 176838825 181077229 214058845 324850681 356511548 413177943
154114079 148344473 158914527 169205062 171927252 176838825 181077229 214058845 356511548 628144689
161845491 148344473 91720895 94854468 176838825 181077229 195140939 214058845 413177943 442633413 460912780
171927252 148344473 158914527 169205062 94854468 324850681 356511548 460912780
176371227 80935205 87351178 106774843 133492033 136011879 139543644 214058845 218684094 267674328 324850681 356511548 413177943 442633413 460912780
176838825 93798659 157744118 158914527 214058845 270780185 287835663 413177943 628144689
195140939
214058845 132075557 172084639 91720895 218684094 270780185 287835663 356511548 413177943 460912780
324850681 148344473 158914527 181077229 218684094 94854468 356511548 413177943 442633413 460912780
356511548 148344473 157744118 169205062 181077229 218684094 413177943
413177943 80935205 87351178 133492033 136011879 139543644 144105306 181077229 218684094 226173264 91720895 141956292 332826579 442633413 460912780
14470098 24533685 146943848 177671639
24533685
146943848
177671639 19015753 130824599 145842780 148058257 176682621 34163662 43019589 132001517 184511137 312841210 399997655 411949823
156121386 133021222
304984153
18069142 84830801 131745549 133855092 190688609 194103904
84830801 133855092
131745549 151380994 164508290
133855092 190688609
190688609
194103904 143260979 160775478
18136057
143260979 85898929 121461714 149076723 160775478
37575424 227424797
41795560 177203888
177203888
227424797
19015753 471794112
155273663
133021222
56172502 157744118 267674328 270780185 628144689 691855950
91720895 106774843 133492033 136011879 158914527 442633413
94854468 158914527
158914527 93798659 136011879 148344473 169205062 181077229 218684094 301824529 362196847
218684094 136011879 169205062 267674328 442633413 460912780 628144689
173427031
160775478 149076723 163360530 172977425
197079247 34414484 131872007
150946313
151380994 73652705
333034890
139543644 80935205 106774843 133492033 136011879 133040900 141956292 332826579 442633413 466478321
181077229 148344473 301824529
442633413 80935205 133492033 136011879 226173264 141956292 332826579 466478321
267674328 157744118 270780185 460912780 628144689 691855950
242190550
148344473 301824529
169205062 301824529
230109094 131872007
301824529 162584058
58340256 119249017 182119080 196817252
119249017
182119080 80053261 114174222 153940043 165813946 194435653 335948487
196817252 80053261 153940043 194435653 165813946 335948487
58760558
59031581
87351178 131343147
131343147
80935205 136011879 332826579
106774843 133492033 136011879 332826579
133040900 136011879
133492033 136011879 141956292 226173264 332826579
136011879 141956292 226173264 466478321
141956292
226173264 332826579
332826579
466478321
157744118 270780185 628144689 691855950
270780185 460912780 628144689 691855950
287835663 93798659 54120518
460912780
628144689
93798659
231276335
73652705 408149319
408149319 148058257 265665602 471794112
132810719
34414484
161902170 165759220
452736348
172977425 149076723 163360530 265665602
80053261 114174222 153940043 165813946 175108556 194435653 335948487
114174222 175108556 194435653
153940043 137712950 165813946 194435653 335948487
165813946 194435653 335948487
175108556
194435653 137712950 335948487
335948487 137712950
97659308
471794112 121461714
85898929 121461714 149076723
121461714
149076723 163360530 265665602
170307366
251620955
131872007
99347182
691855950
162584058 132075557 144105306
165759220
264600276 266793452
155385535 155312884
265665602 163360530
201703258
118263778
145842780 130824599 169288953 176682621
184511137 130824599 312841210 399997655 411949823
288144455
130824599 399997655 411949823
399997655 176682621 312841210 411949823
411949823 312841210
164508290 163795216
132075557 172084639
172084639
136047585
54120518
137712950
176682621 34163662
144105306
169288953
148058257 34163662 43019589
34163662
43019589
163360530
151317513
551887322
155312884
362196847
163795216
132001517
312841210
363886908
266793452
454691835
231918665
630238007
