1888169 3417194
1888169 4495521
1888169 18647384
1888169 23848894
1888169 24297006
1888169 28574307
1888169 34749901
1888169 43660826
1888169 49588098
1888169 52582985
1888169 62513502
1888169 64229742
1888169 101389465
1888169 105579415
1888169 114159960
1888169 115990484
1888169 122105217
1888169 141527229
1888169 145490523
1888169 145929106
1888169 146287472
1888169 147262072
1888169 157175361
1888169 177541408
1888169 182404700
1888169 201703258
1888169 209286450
1888169 222651515
1888169 222842643
1888169 253640509
1888169 316266751
1888169 342120708
3417194 4495521
3417194 16237989
3417194 18647384
3417194 23848894
3417194 24297006
3417194 28574307
3417194 28922131
3417194 34749901
3417194 49588098
3417194 49900259
3417194 52582985
3417194 62513502
3417194 64229742
3417194 101389465
3417194 114159960
3417194 145490523
3417194 146287472
3417194 177541408
3417194 191796111
3417194 201703258
3417194 222651515
3417194 253640509
4495521 1957007
4495521 11336556
4495521 14160490
4495521 16237989
4495521 17443946
4495521 18647384
4495521 24297006
4495521 28922131
4495521 45431394
4495521 62513502
4495521 84359086
4495521 100279222
4495521 132366540
4495521 137591495
4495521 139987393
4495521 213236532
4495521 213848877
18647384 3995793
18647384 9040537
18647384 11336556
18647384 16237989
18647384 20312006
18647384 23848894
18647384 24297006
18647384 28574307
18647384 33763227
18647384 34749901
18647384 43660826
18647384 49588098
18647384 52582985
18647384 62513502
18647384 64229742
18647384 69646401
18647384 78394343
18647384 87603746
18647384 112011388
18647384 114159960
18647384 134310197
18647384 140846412
18647384 142233953
18647384 143260979
18647384 147641673
18647384 152525147
18647384 157683127
18647384 169068824
18647384 173612529
18647384 174348272
18647384 210057567
18647384 213236532
18647384 222842643
18647384 244598037
18647384 253640509
18647384 257643119
18647384 382183484
23848894 24297006
23848894 28574307
23848894 34749901
23848894 43660826
23848894 49588098
23848894 52582985
23848894 62513502
23848894 105579415
23848894 114159960
23848894 115990484
23848894 147262072
23848894 152902550
23848894 209286450
23848894 253640509
23848894 332405874
24297006 1957007
24297006 3625667
24297006 6221140
24297006 6325949
24297006 17443946
24297006 20110594
24297006 20312006
24297006 16237989
24297006 28574307
24297006 29916273
24297006 34749901
24297006 43660826
24297006 47051731
24297006 49588098
24297006 52582985
24297006 53026336
24297006 55935774
24297006 57852766
24297006 84994322
24297006 91711415
24297006 92008824
24297006 94421869
24297006 135875231
24297006 137441395
24297006 137591495
24297006 152902550
24297006 156990600
24297006 169678583
24297006 183517090
24297006 200257101
24297006 213236532
24297006 233261204
24297006 244976790
24297006 275929355
24297006 354200202
24297006 415528513
24297006 469599678
28574307 16237989
28574307 34749901
28574307 41366814
28574307 43660826
28574307 49588098
28574307 52582985
28574307 64229742
28574307 101389465
28574307 105579415
28574307 112011388
28574307 114159960
28574307 146287472
28574307 147262072
28574307 163615828
28574307 177541408
28574307 209286450
28574307 253640509
34749901 3625667
34749901 11036567
34749901 20312006
34749901 29916273
34749901 33763227
34749901 16237989
34749901 40460500
34749901 43660826
34749901 47051731
34749901 49588098
34749901 52582985
34749901 57852766
34749901 64229742
34749901 87603746
34749901 91711415
34749901 94421869
34749901 95693011
34749901 101389465
34749901 105579415
34749901 112011388
34749901 114159960
34749901 135012887
34749901 137441395
34749901 137591495
34749901 145490523
34749901 145929106
34749901 147262072
34749901 152902550
34749901 163615828
34749901 193100120
34749901 194925884
34749901 209286450
34749901 222842643
34749901 240387889
34749901 253640509
34749901 257643119
34749901 322633332
34749901 354200202
34749901 414036695
34749901 415528513
43660826 11336556
43660826 49588098
43660826 52582985
43660826 64229742
43660826 69646401
43660826 74667288
43660826 78394343
43660826 91711415
43660826 101389465
43660826 105579415
43660826 112011388
43660826 114159960
43660826 137441395
43660826 141527229
43660826 145490523
43660826 145929106
43660826 146287472
43660826 147262072
43660826 157175361
43660826 163178390
43660826 163615828
43660826 177541408
43660826 193100120
43660826 209286450
43660826 222842643
43660826 253640509
43660826 316266751
49588098 3625667
49588098 11336556
49588098 29916273
49588098 33763227
49588098 52582985
49588098 64229742
49588098 69646401
49588098 78394343
49588098 87603746
49588098 104551010
49588098 105579415
49588098 112011388
49588098 114159960
49588098 121461714
49588098 143260979
49588098 173612529
49588098 174348272
49588098 183517090
49588098 244598037
49588098 253640509
49588098 382183484
52582985 33763227
52582985 41366814
52582985 64229742
52582985 101389465
52582985 105579415
52582985 114159960
52582985 115990484
52582985 145490523
52582985 146287472
52582985 147262072
52582985 157175361
52582985 169068824
52582985 182404700
52582985 201703258
52582985 209286450
52582985 253640509
52582985 281743475
52582985 316266751
52582985 434850498
62513502 11336556
62513502 28922131
62513502 101389465
62513502 112011388
62513502 114159960
62513502 115990484
62513502 122105217
62513502 140665014
62513502 145929106
62513502 146287472
62513502 147262072
62513502 152855179
62513502 161902170
62513502 169678583
62513502 193100120
62513502 201703258
62513502 209286450
62513502 222651515
62513502 240871557
62513502 253640509
62513502 281743475
64229742 33763227
64229742 41366814
64229742 105579415
64229742 114159960
64229742 139987393
64229742 146287472
64229742 169678583
64229742 209286450
64229742 222651515
64229742 253640509
101389465 105579415
101389465 114159960
101389465 145490523
101389465 145929106
101389465 146287472
101389465 165357263
101389465 177541408
101389465 192922385
101389465 209286450
101389465 222651515
101389465 253640509
101389465 281743475
105579415 114159960
105579415 145490523
105579415 145929106
105579415 146287472
105579415 147262072
105579415 177541408
105579415 209286450
105579415 240387889
105579415 253640509
114159960 145490523
114159960 145929106
114159960 146287472
114159960 147262072
114159960 157175361
114159960 177541408
114159960 201703258
114159960 209286450
114159960 253640509
114159960 342120708
114159960 434850498
115990484 12501323
115990484 15533001
115990484 112011388
115990484 52320146
115990484 78781543
115990484 101306620
115990484 122105217
115990484 134310197
115990484 134495110
115990484 134759703
115990484 135931761
115990484 145929106
115990484 146287472
115990484 147262072
115990484 152855179
115990484 168742939
115990484 169068824
115990484 174348272
115990484 177541408
115990484 182404700
115990484 195542439
115990484 201703258
115990484 209286450
115990484 253640509
115990484 281743475
122105217 140665014
122105217 145929106
122105217 147262072
122105217 152855179
122105217 177541408
122105217 209286450
122105217 213236532
122105217 253640509
122105217 281743475
141527229 146287472
141527229 147262072
141527229 177541408
141527229 191796111
145490523 18326628
145490523 105164867
145490523 134759703
145490523 145929106
145490523 147262072
145490523 156990600
145490523 165357263
145490523 177541408
145490523 183517090
145490523 209286450
145490523 253640509
145929106 28922131
145929106 53026336
145929106 146287472
145929106 147262072
145929106 150375657
145929106 152855179
145929106 157175361
145929106 177541408
145929106 182404700
145929106 192922385
145929106 201703258
145929106 209286450
145929106 253640509
145929106 281743475
145929106 316266751
145929106 332405874
145929106 434850498
146287472 76631293
146287472 89147170
146287472 140665014
146287472 52320146
146287472 135012887
146287472 142810412
146287472 147262072
146287472 152855179
146287472 177541408
146287472 182404700
146287472 201703258
146287472 209286450
146287472 222651515
146287472 222842643
146287472 253640509
146287472 281743475
146287472 300518887
146287472 316266751
146287472 332405874
146287472 568377028
147262072 140665014
147262072 52320146
147262072 152855179
147262072 157175361
147262072 165357263
147262072 177541408
147262072 182404700
147262072 201703258
147262072 209286450
147262072 222651515
147262072 253640509
147262072 257643119
147262072 281743475
147262072 316266751
157175361 209286450
157175361 253640509
157175361 281743475
177541408 152855179
177541408 182404700
177541408 201703258
177541408 209286450
177541408 222842643
177541408 253640509
177541408 257643119
177541408 281743475
177541408 316266751
177541408 332405874
177541408 434850498
182404700 140665014
182404700 152855179
182404700 165357263
182404700 209286450
182404700 253640509
182404700 281743475
201703258 124889819
201703258 134310197
201703258 152855179
201703258 209286450
201703258 222651515
201703258 222842643
201703258 253640509
201703258 281743475
209286450 53026336
209286450 140665014
209286450 152855179
209286450 173612529
209286450 52320146
209286450 169068824
209286450 222651515
209286450 240387889
209286450 253640509
209286450 281743475
209286450 434850498
222651515 222842643
222651515 253640509
222651515 281743475
222651515 434850498
222842643 6325949
222842643 18326628
222842643 20312006
222842643 23475541
222842643 29916273
222842643 40460500
222842643 57852766
222842643 91711415
222842643 94354935
222842643 95693011
222842643 100429468
222842643 109563974
222842643 120426024
222842643 137441395
222842643 137650720
222842643 143730916
222842643 152902550
222842643 166255067
222842643 169678583
222842643 181536123
222842643 183517090
222842643 197317592
222842643 9040537
222842643 55935774
222842643 135875231
222842643 156990600
222842643 233261204
222842643 244976790
222842643 266025816
222842643 266722043
222842643 267672622
222842643 275929355
222842643 354200202
222842643 469599678
253640509 17443946
253640509 33763227
253640509 49594331
253640509 166254757
253640509 52320146
253640509 124755179
253640509 281743475
253640509 342120708
253640509 434850498
316266751 53026336
316266751 76631293
316266751 83793508
316266751 89147170
316266751 105831348
316266751 134344698
316266751 134934420
316266751 137591495
316266751 142618554
316266751 159324031
316266751 169678583
316266751 182691733
316266751 279916679
316266751 295939643
316266751 300518887
316266751 11704337
316266751 94421869
316266751 122274546
316266751 169197290
316266751 390750098
1957007 6098195
1957007 6325949
1957007 11036567
1957007 16237989
1957007 17443946
1957007 20110594
1957007 20312006
1957007 23475541
1957007 29916273
1957007 40057219
1957007 47051731
1957007 49594331
1957007 49900259
1957007 55935774
1957007 57852766
1957007 60707944
1957007 68501110
1957007 69646401
1957007 83790025
1957007 84994322
1957007 94354935
1957007 94421869
1957007 95693011
1957007 100429468
1957007 120426024
1957007 128563884
1957007 135469550
1957007 135875231
1957007 137441395
1957007 137591495
1957007 137650720
1957007 138090927
1957007 139987393
1957007 149111395
1957007 156990600
1957007 159320098
1957007 162314215
1957007 163494883
1957007 166254757
1957007 166255067
1957007 169678583
1957007 179189439
1957007 181536123
1957007 183517090
1957007 184567288
1957007 197317592
1957007 200257101
1957007 213236532
1957007 233261204
1957007 244976790
1957007 262502996
1957007 266025816
1957007 267672622
1957007 271701548
1957007 273708548
1957007 275929355
1957007 278605902
1957007 354200202
1957007 400735521
1957007 414036695
1957007 415528513
1957007 469599678
1957007 499241001
6098195 6325949
6098195 9040537
6098195 9415552
6098195 16237989
6098195 17443946
6098195 20110594
6098195 20312006
6098195 40057219
6098195 120426024
6098195 137441395
6098195 137591495
6098195 156121386
6098195 156990600
6098195 162314215
6325949 9040537
6325949 16237989
6325949 17443946
6325949 20110594
6325949 20312006
6325949 23475541
6325949 29916273
6325949 40057219
6325949 47051731
6325949 49594331
6325949 49900259
6325949 52320146
6325949 55935774
6325949 57852766
6325949 68501110
6325949 69646401
6325949 83790025
6325949 84994322
6325949 94354935
6325949 94421869
6325949 95693011
6325949 100429468
6325949 109563974
6325949 120426024
6325949 128563884
6325949 134310197
6325949 135875231
6325949 137441395
6325949 137591495
6325949 137650720
6325949 138090927
6325949 143730916
6325949 149111395
6325949 152902550
6325949 156990600
6325949 159320098
6325949 162314215
6325949 163494883
6325949 166255067
6325949 167636319
6325949 169678583
6325949 179189439
6325949 181536123
6325949 183517090
6325949 184567288
6325949 194611909
6325949 194925884
6325949 197317592
6325949 200257101
6325949 206442081
6325949 213236532
6325949 233261204
6325949 244976790
6325949 262502996
6325949 266025816
6325949 266722043
6325949 267672622
6325949 268350365
6325949 273708548
6325949 275929355
6325949 278605902
6325949 354200202
6325949 400735521
6325949 414036695
6325949 415528513
6325949 469599678
6325949 499241001
6325949 561102566
11036567 3995793
11036567 9040537
11036567 16237989
11036567 17443946
11036567 18326628
11036567 20110594
11036567 29916273
11036567 40057219
11036567 40460500
11036567 45431394
11036567 49594331
11036567 57852766
11036567 60707944
11036567 68501110
11036567 69646401
11036567 84994322
11036567 100429468
11036567 134310197
11036567 135469550
11036567 135875231
11036567 137441395
11036567 137591495
11036567 152902550
11036567 156990600
11036567 163494883
11036567 166254757
11036567 166255067
11036567 167746921
11036567 179189439
11036567 183517090
11036567 184567288
11036567 197317592
11036567 200257101
11036567 244976790
11036567 278605902
11036567 354200202
11036567 400735521
16237989 3625667
16237989 3995793
16237989 9040537
16237989 14160490
16237989 17443946
16237989 18326628
16237989 20110594
16237989 20312006
16237989 33763227
16237989 47051731
16237989 49594331
16237989 54861493
16237989 95693011
16237989 100279222
16237989 137441395
16237989 138090927
16237989 139987393
16237989 162314215
16237989 163615828
16237989 183517090
16237989 213236532
16237989 244976790
16237989 262502996
16237989 266025816
16237989 271701548
16237989 354200202
16237989 400735521
16237989 415528513
16237989 499241001
17443946 3995793
17443946 9040537
17443946 9415552
17443946 20110594
17443946 20312006
17443946 23475541
17443946 40057219
17443946 47051731
17443946 54861493
17443946 69646401
17443946 84994322
17443946 89147170
17443946 94421869
17443946 95693011
17443946 100279222
17443946 109563974
17443946 134310197
17443946 135875231
17443946 137441395
17443946 137591495
17443946 156121386
17443946 156990600
17443946 157620140
17443946 159320098
17443946 163494883
17443946 262502996
17443946 275929355
17443946 354200202
20110594 3995793
20110594 9040537
20110594 14160490
20110594 9415552
20110594 20312006
20110594 23475541
20110594 29916273
20110594 47051731
20110594 49594331
20110594 54861493
20110594 55935774
20110594 57852766
20110594 68501110
20110594 84994322
20110594 91711415
20110594 92008824
20110594 94354935
20110594 95693011
20110594 100429468
20110594 110900757
20110594 128563884
20110594 134310197
20110594 135469550
20110594 135875231
20110594 137441395
20110594 138090927
20110594 139987393
20110594 152902550
20110594 156990600
20110594 159320098
20110594 162314215
20110594 166255067
20110594 169678583
20110594 174517786
20110594 179189439
20110594 181536123
20110594 191796111
20110594 197317592
20110594 206442081
20110594 233261204
20110594 244976790
20110594 266025816
20110594 267672622
20110594 273708548
20110594 275929355
20110594 354200202
20110594 400735521
20110594 414036695
20110594 415528513
20110594 469599678
20110594 499241001
20312006 9040537
20312006 23475541
20312006 29916273
20312006 40460500
20312006 47051731
20312006 49594331
20312006 49900259
20312006 55935774
20312006 57852766
20312006 68501110
20312006 69646401
20312006 83790025
20312006 84994322
20312006 94354935
20312006 94421869
20312006 95693011
20312006 100429468
20312006 109563974
20312006 128563884
20312006 134310197
20312006 135469550
20312006 135875231
20312006 137441395
20312006 137591495
20312006 137650720
20312006 138090927
20312006 139987393
20312006 149111395
20312006 152902550
20312006 156121386
20312006 156990600
20312006 159320098
20312006 163494883
20312006 166254757
20312006 166255067
20312006 167636319
20312006 169678583
20312006 179189439
20312006 181536123
20312006 183517090
20312006 184567288
20312006 194925884
20312006 197317592
20312006 200257101
20312006 213236532
20312006 213722080
20312006 233261204
20312006 242386036
20312006 244976790
20312006 262502996
20312006 266025816
20312006 266722043
20312006 267672622
20312006 271701548
20312006 273708548
20312006 275929355
20312006 278605902
20312006 353897589
20312006 354200202
20312006 400735521
20312006 414036695
20312006 415528513
20312006 469599678
23475541 29916273
23475541 47051731
23475541 49594331
23475541 57852766
23475541 69646401
23475541 84994322
23475541 95693011
23475541 100429468
23475541 109563974
23475541 120426024
23475541 135469550
23475541 135875231
23475541 137441395
23475541 156121386
23475541 156990600
23475541 159320098
23475541 181536123
23475541 197317592
23475541 244976790
23475541 266025816
23475541 273708548
23475541 275929355
23475541 354200202
23475541 400735521
23475541 414036695
23475541 415528513
29916273 45431394
29916273 47051731
29916273 49594331
29916273 49900259
29916273 55935774
29916273 57852766
29916273 68501110
29916273 69646401
29916273 83790025
29916273 84994322
29916273 91711415
29916273 94354935
29916273 94421869
29916273 95121355
29916273 95693011
29916273 100429468
29916273 109563974
29916273 120426024
29916273 128563884
29916273 134310197
29916273 135469550
29916273 135875231
29916273 137441395
29916273 137591495
29916273 137650720
29916273 138090927
29916273 139987393
29916273 149111395
29916273 152902550
29916273 156121386
29916273 156990600
29916273 159320098
29916273 160775478
29916273 163494883
29916273 166255067
29916273 167636319
29916273 169678583
29916273 174348272
29916273 179189439
29916273 181536123
29916273 183517090
29916273 184567288
29916273 191796111
29916273 194925884
29916273 197317592
29916273 200257101
29916273 206442081
29916273 213236532
29916273 233261204
29916273 242386036
29916273 244598037
29916273 244976790
29916273 262502996
29916273 266025816
29916273 266722043
29916273 267672622
29916273 271701548
29916273 273708548
29916273 275929355
29916273 278605902
29916273 354200202
29916273 400735521
29916273 414036695
29916273 415528513
29916273 469599678
29916273 499241001
29916273 527242754
40057219 49594331
40057219 69646401
40057219 84994322
40057219 94421869
40057219 100429468
40057219 120426024
40057219 137441395
40057219 137591495
40057219 166255067
40057219 181536123
40057219 184567288
40057219 200257101
40057219 244976790
40057219 354200202
47051731 9415552
47051731 49594331
47051731 54861493
47051731 55935774
47051731 57852766
47051731 68501110
47051731 84994322
47051731 91711415
47051731 94354935
47051731 94421869
47051731 100429468
47051731 120426024
47051731 128563884
47051731 134310197
47051731 135469550
47051731 135875231
47051731 137441395
47051731 137650720
47051731 138090927
47051731 139987393
47051731 152902550
47051731 156121386
47051731 156990600
47051731 159320098
47051731 160775478
47051731 162314215
47051731 163494883
47051731 166255067
47051731 169678583
47051731 181536123
47051731 183517090
47051731 184567288
47051731 191796111
47051731 197317592
47051731 200257101
47051731 213236532
47051731 233261204
47051731 244976790
47051731 262502996
47051731 266025816
47051731 266722043
47051731 267672622
47051731 273708548
47051731 275929355
47051731 278605902
47051731 354200202
47051731 400735521
47051731 414036695
47051731 415528513
47051731 469599678
49594331 3995793
49594331 9040537
49594331 14160490
49594331 45431394
49594331 9415552
49594331 54861493
49594331 57852766
49594331 69646401
49594331 78781543
49594331 83790025
49594331 86757993
49594331 94421869
49594331 109563974
49594331 135012887
49594331 135469550
49594331 135875231
49594331 137441395
49594331 139987393
49594331 156121386
49594331 156990600
49594331 157620140
49594331 159320098
49594331 162314215
49594331 181536123
49594331 197317592
49594331 233261204
49594331 244976790
49594331 252161293
49594331 266025816
49594331 271701548
49594331 273708548
49594331 354200202
49594331 414036695
49900259 57852766
49900259 69646401
49900259 84994322
49900259 137441395
49900259 159320098
49900259 191796111
49900259 197317592
49900259 354200202
55935774 9040537
55935774 45431394
55935774 57852766
55935774 84994322
55935774 91711415
55935774 94354935
55935774 95693011
55935774 109563974
55935774 120426024
55935774 128563884
55935774 137441395
55935774 137591495
55935774 137650720
55935774 139987393
55935774 152902550
55935774 159320098
55935774 162314215
55935774 166255067
55935774 167636319
55935774 169678583
55935774 181536123
55935774 183517090
55935774 191796111
55935774 197317592
55935774 200257101
55935774 213236532
55935774 233261204
55935774 244976790
55935774 266025816
55935774 266722043
55935774 354200202
55935774 400735521
55935774 415528513
55935774 469599678
57852766 40460500
57852766 68501110
57852766 84994322
57852766 91711415
57852766 92008824
57852766 94354935
57852766 94421869
57852766 95693011
57852766 100429468
57852766 109563974
57852766 120426024
57852766 128563884
57852766 135469550
57852766 135875231
57852766 137441395
57852766 137591495
57852766 137650720
57852766 138090927
57852766 139987393
57852766 147168696
57852766 149111395
57852766 152902550
57852766 156121386
57852766 156990600
57852766 159320098
57852766 162314215
57852766 163494883
57852766 166255067
57852766 169678583
57852766 179189439
57852766 181536123
57852766 183517090
57852766 184567288
57852766 191796111
57852766 194925884
57852766 197317592
57852766 200257101
57852766 213236532
57852766 213722080
57852766 233261204
57852766 244976790
57852766 262502996
57852766 266025816
57852766 267672622
57852766 273708548
57852766 275929355
57852766 278605902
57852766 332405874
57852766 353897589
57852766 354200202
57852766 400735521
57852766 414036695
57852766 415528513
57852766 469599678
57852766 499241001
60707944 40460500
60707944 85898929
60707944 166254757
68501110 84994322
68501110 91711415
68501110 94354935
68501110 95693011
68501110 100429468
68501110 109563974
68501110 128563884
68501110 137441395
68501110 137650720
68501110 138090927
68501110 139987393
68501110 152902550
68501110 162314215
68501110 167636319
68501110 169678583
68501110 181536123
68501110 183517090
68501110 191796111
68501110 192764095
68501110 194925884
68501110 197317592
68501110 200257101
68501110 213722080
68501110 233261204
68501110 244976790
68501110 278605902
68501110 354200202
68501110 469599678
68501110 527242754
69646401 33763227
69646401 84994322
69646401 94421869
69646401 109563974
69646401 120426024
69646401 135875231
69646401 137441395
69646401 147641673
69646401 156990600
69646401 159320098
69646401 197317592
69646401 271701548
69646401 275929355
69646401 354200202
83790025 120426024
83790025 143730916
83790025 157620140
83790025 197317592
83790025 271701548
84994322 94421869
84994322 95693011
84994322 100429468
84994322 109563974
84994322 120426024
84994322 128563884
84994322 134310197
84994322 135875231
84994322 137591495
84994322 138090927
84994322 139987393
84994322 152902550
84994322 156121386
84994322 156990600
84994322 159320098
84994322 163494883
84994322 166255067
84994322 167636319
84994322 169678583
84994322 197317592
84994322 200257101
84994322 233261204
84994322 244976790
84994322 252161293
84994322 262502996
84994322 266025816
84994322 267672622
84994322 273708548
84994322 275929355
84994322 278605902
84994322 354200202
84994322 400735521
84994322 414036695
84994322 415528513
84994322 469599678
84994322 137441395
84994322 181536123
94354935 18326628
94354935 74667288
94354935 91711415
94354935 9415552
94354935 95693011
94354935 100429468
94354935 120426024
94354935 128563884
94354935 134310197
94354935 135469550
94354935 135875231
94354935 137591495
94354935 137650720
94354935 138090927
94354935 139987393
94354935 152902550
94354935 156121386
94354935 156990600
94354935 162314215
94354935 163494883
94354935 166254757
94354935 166255067
94354935 167636319
94354935 169678583
94354935 174517786
94354935 181536123
94354935 183517090
94354935 191796111
94354935 193100120
94354935 197317592
94354935 200257101
94354935 233261204
94354935 244976790
94354935 253687252
94354935 262502996
94354935 266722043
94354935 267672622
94354935 273708548
94354935 275929355
94354935 354200202
94354935 400735521
94354935 414036695
94354935 415528513
94354935 499241001
94421869 18326628
94421869 134310197
94421869 137441395
94421869 137591495
94421869 139987393
94421869 169678583
94421869 183517090
94421869 213236532
94421869 244976790
94421869 266025816
94421869 354200202
94421869 400735521
95693011 91711415
95693011 100429468
95693011 120426024
95693011 128563884
95693011 135469550
95693011 135875231
95693011 137441395
95693011 138090927
95693011 139987393
95693011 152902550
95693011 156121386
95693011 156990600
95693011 159320098
95693011 162314215
95693011 163494883
95693011 166255067
95693011 167636319
95693011 174517786
95693011 181536123
95693011 183517090
95693011 184567288
95693011 191796111
95693011 197317592
95693011 200257101
95693011 233261204
95693011 244976790
95693011 266025816
95693011 267672622
95693011 275929355
95693011 354200202
95693011 400735521
95693011 414036695
95693011 415528513
95693011 469599678
100429468 109563974
100429468 120426024
100429468 128563884
100429468 134310197
100429468 135469550
100429468 135875231
100429468 137441395
100429468 137650720
100429468 139987393
100429468 152902550
100429468 156121386
100429468 156990600
100429468 159320098
100429468 162314215
100429468 163494883
100429468 166255067
100429468 167636319
100429468 169678583
100429468 181536123
100429468 184567288
100429468 191796111
100429468 194925884
100429468 197317592
100429468 200257101
100429468 206442081
100429468 213236532
100429468 233261204
100429468 244976790
100429468 262502996
100429468 266025816
100429468 266722043
100429468 267672622
100429468 275929355
100429468 278605902
100429468 353897589
100429468 354200202
100429468 400735521
100429468 414036695
100429468 415528513
100429468 469599678
100429468 499241001
100429468 527242754
120426024 109563974
120426024 135875231
120426024 137441395
120426024 137650720
120426024 143730916
120426024 152902550
120426024 156990600
120426024 159320098
120426024 166255067
120426024 167636319
120426024 169678583
120426024 181536123
120426024 191796111
120426024 197317592
120426024 266025816
120426024 273708548
120426024 275929355
120426024 332405874
120426024 354200202
120426024 400735521
120426024 414036695
120426024 415528513
128563884 91711415
128563884 9415552
128563884 135469550
128563884 135875231
128563884 137441395
128563884 138090927
128563884 139987393
128563884 152902550
128563884 156990600
128563884 162314215
128563884 166255067
128563884 167636319
128563884 169678583
128563884 174517786
128563884 183517090
128563884 197317592
128563884 200257101
128563884 233261204
128563884 244976790
128563884 266025816
128563884 267672622
128563884 275929355
128563884 353897589
128563884 354200202
128563884 414036695
128563884 415528513
128563884 469599678
135469550 11336556
135469550 12501323
135469550 15533001
135469550 45431394
135469550 78394343
135469550 85898929
135469550 92173755
135469550 104519214
135469550 112011388
135469550 121461714
135469550 134310197
135469550 137441395
135469550 138090927
135469550 139987393
135469550 148285667
135469550 152902550
135469550 159320098
135469550 162314215
135469550 166255067
135469550 167636319
135469550 168742939
135469550 181536123
135469550 191796111
135469550 197317592
135469550 200257101
135469550 233261204
135469550 244976790
135469550 253687252
135469550 266025816
135469550 354200202
135469550 400735521
135469550 415528513
135875231 9040537
135875231 109563974
135875231 137441395
135875231 137650720
135875231 138090927
135875231 139987393
135875231 143730916
135875231 152902550
135875231 159320098
135875231 162314215
135875231 166255067
135875231 167636319
135875231 169678583
135875231 172977425
135875231 179189439
135875231 181536123
135875231 183517090
135875231 184567288
135875231 191796111
135875231 194925884
135875231 197317592
135875231 200257101
135875231 206442081
135875231 213236532
135875231 244976790
135875231 262502996
135875231 266025816
135875231 278605902
135875231 354200202
135875231 400735521
135875231 469599678
135875231 499241001
137441395 47725000
137441395 54861493
137441395 89678716
137441395 91711415
137441395 109563974
137441395 134310197
137441395 9415552
137441395 137591495
137441395 137650720
137441395 138090927
137441395 139987393
137441395 149111395
137441395 152902550
137441395 156121386
137441395 156990600
137441395 159320098
137441395 162314215
137441395 163494883
137441395 166254757
137441395 166255067
137441395 168742939
137441395 169678583
137441395 174517786
137441395 179189439
137441395 181536123
137441395 183517090
137441395 184567288
137441395 191796111
137441395 194925884
137441395 197317592
137441395 200257101
137441395 213236532
137441395 233261204
137441395 244976790
137441395 262502996
137441395 266025816
137441395 267672622
137441395 271701548
137441395 273708548
137441395 275929355
137441395 278605902
137441395 354200202
137441395 400735521
137441395 414036695
137441395 415528513
137441395 469599678
137441395 499241001
137591495 9040537
137591495 40460500
137591495 91711415
137591495 134310197
137591495 139987393
137591495 149111395
137591495 156121386
137591495 156990600
137591495 159320098
137591495 163494883
137591495 169678583
137591495 179189439
137591495 183517090
137591495 184567288
137591495 213236532
137591495 244976790
137591495 266025816
137591495 266722043
137591495 267672622
137591495 268350365
137591495 275929355
137591495 354200202
137591495 400735521
137591495 415528513
137650720 53026336
137650720 91711415
137650720 109563974
137650720 152902550
137650720 156121386
137650720 156990600
137650720 163494883
137650720 166255067
137650720 167636319
137650720 169678583
137650720 181536123
137650720 191796111
137650720 197317592
137650720 200257101
137650720 244976790
137650720 262502996
137650720 266722043
137650720 267672622
137650720 273708548
137650720 275929355
137650720 354200202
137650720 400735521
137650720 415528513
138090927 40460500
138090927 104519214
138090927 134310197
138090927 149111395
138090927 152902550
138090927 156121386
138090927 156990600
138090927 159320098
138090927 162314215
138090927 163494883
138090927 166255067
138090927 169678583
138090927 179189439
138090927 181536123
138090927 183517090
138090927 184567288
138090927 197317592
138090927 200257101
138090927 233261204
138090927 244976790
138090927 262502996
138090927 266025816
138090927 266722043
138090927 267672622
138090927 273708548
138090927 275929355
138090927 278605902
138090927 332405874
138090927 354200202
138090927 400735521
138090927 414036695
138090927 415528513
138090927 469599678
138090927 499241001
139987393 9040537
139987393 18326628
139987393 40460500
139987393 54861493
139987393 85157433
139987393 91711415
139987393 102386374
139987393 9415552
139987393 152902550
139987393 156990600
139987393 163615828
139987393 183517090
139987393 197317592
139987393 213236532
139987393 233261204
139987393 240871557
139987393 244976790
139987393 267672622
139987393 275929355
139987393 354200202
139987393 414036695
149111395 162314215
149111395 163494883
149111395 179189439
149111395 181536123
149111395 183517090
149111395 184567288
149111395 191796111
149111395 200257101
149111395 233261204
149111395 244976790
149111395 262502996
149111395 266025816
149111395 275929355
149111395 322633332
149111395 354200202
149111395 400735521
149111395 414036695
149111395 415528513
149111395 469599678
149111395 499241001
156990600 45431394
156990600 74667288
156990600 91711415
156990600 92008824
156990600 123431595
156990600 134310197
156990600 159320098
156990600 166255067
156990600 167636319
156990600 169678583
156990600 179189439
156990600 181536123
156990600 183517090
156990600 184567288
156990600 191796111
156990600 194925884
156990600 197317592
156990600 200257101
156990600 213236532
156990600 213722080
156990600 233261204
156990600 244976790
156990600 262502996
156990600 266025816
156990600 271701548
156990600 278605902
156990600 353897589
156990600 354200202
156990600 400735521
156990600 415528513
159320098 11336556
159320098 78394343
159320098 85898929
159320098 134310197
159320098 152525147
159320098 157203171
159320098 104551010
159320098 117457407
159320098 156121386
159320098 163494883
159320098 181536123
159320098 197317592
159320098 200257101
159320098 244598037
159320098 244976790
159320098 262502996
159320098 266025816
159320098 267672622
159320098 273708548
159320098 275929355
159320098 332405874
159320098 354200202
159320098 400735521
159320098 414036695
159320098 415528513
159320098 469599678
162314215 11336556
162314215 40460500
162314215 89678716
162314215 91711415
162314215 152902550
162314215 163494883
162314215 169678583
162314215 179189439
162314215 181536123
162314215 184567288
162314215 197317592
162314215 233261204
162314215 262502996
162314215 266025816
162314215 267672622
162314215 273708548
162314215 275929355
162314215 332405874
162314215 354200202
162314215 400735521
162314215 414036695
162314215 469599678
162314215 499241001
163494883 40460500
163494883 152902550
163494883 169678583
163494883 179189439
163494883 184567288
163494883 194925884
163494883 197317592
163494883 200257101
163494883 233261204
163494883 244976790
163494883 262502996
163494883 266025816
163494883 278605902
163494883 354200202
163494883 415528513
163494883 469599678
163494883 499241001
166254757 11336556
166254757 45431394
166254757 62509090
166254757 85898929
166254757 107526159
166254757 86675368
166254757 104551010
166254757 244976790
166254757 275189735
166255067 89678716
166255067 91711415
166255067 152902550
166255067 167636319
166255067 169678583
166255067 179189439
166255067 183517090
166255067 191796111
166255067 192764095
166255067 197317592
166255067 206442081
166255067 213722080
166255067 244976790
166255067 262502996
166255067 266025816
166255067 266722043
166255067 267672622
166255067 273708548
166255067 275929355
166255067 278605902
166255067 353897589
166255067 354200202
166255067 400735521
166255067 414036695
166255067 415528513
166255067 469599678
166255067 501683555
166255067 527242754
169678583 40460500
169678583 74667288
169678583 109563974
169678583 134310197
169678583 152902550
169678583 156121386
169678583 179189439
169678583 181536123
169678583 183517090
169678583 184567288
169678583 191796111
169678583 192764095
169678583 194611909
169678583 194925884
169678583 200257101
169678583 206442081
169678583 213722080
169678583 218235030
169678583 233261204
169678583 244976790
169678583 262502996
169678583 266722043
169678583 267672622
169678583 273708548
169678583 275929355
169678583 278605902
169678583 353897589
169678583 354200202
169678583 400735521
169678583 415528513
169678583 434850498
169678583 469599678
169678583 501683555
169678583 527242754
179189439 40460500
179189439 156121386
179189439 183517090
179189439 184567288
179189439 194611909
179189439 194925884
179189439 197317592
179189439 200257101
179189439 213722080
179189439 233261204
179189439 244976790
179189439 262502996
179189439 267672622
179189439 275929355
179189439 354200202
179189439 373112454
179189439 400735521
179189439 414036695
179189439 415528513
179189439 469599678
179189439 499241001
181536123 40460500
181536123 191796111
181536123 197317592
181536123 200257101
181536123 233261204
181536123 244976790
181536123 266025816
181536123 267672622
181536123 275929355
181536123 354200202
181536123 400735521
181536123 414036695
181536123 415528513
181536123 469599678
183517090 45431394
183517090 109563974
183517090 134310197
183517090 152902550
183517090 174517786
183517090 197317592
183517090 200257101
183517090 213236532
183517090 233261204
183517090 244976790
183517090 266025816
183517090 266722043
183517090 267672622
183517090 273708548
183517090 275929355
183517090 354200202
183517090 400735521
183517090 414036695
183517090 415528513
183517090 469599678
183517090 499241001
184567288 40460500
184567288 156121386
184567288 194925884
184567288 197317592
184567288 200257101
184567288 213722080
184567288 233261204
184567288 244976790
184567288 262502996
184567288 266025816
184567288 266722043
184567288 267672622
184567288 275929355
184567288 278605902
184567288 354200202
184567288 400735521
184567288 414036695
184567288 499241001
197317592 71611736
197317592 91711415
197317592 112011388
197317592 134310197
197317592 143730916
197317592 152902550
197317592 157620140
197317592 163615828
197317592 167636319
197317592 191796111
197317592 194925884
197317592 104551010
197317592 156121386
197317592 200257101
197317592 233261204
197317592 244976790
197317592 262502996
197317592 266025816
197317592 271701548
197317592 273708548
197317592 275929355
197317592 278605902
197317592 332405874
197317592 353897589
197317592 354200202
197317592 400735521
197317592 414036695
197317592 415528513
197317592 469599678
197317592 499241001
200257101 40460500
200257101 89147170
200257101 91711415
200257101 123431595
200257101 134310197
200257101 152902550
200257101 164806621
200257101 167636319
200257101 192922385
200257101 194101816
200257101 156121386
200257101 174517786
200257101 213722080
200257101 233261204
200257101 244976790
200257101 251984940
200257101 262502996
200257101 266025816
200257101 266722043
200257101 267672622
200257101 275929355
200257101 278605902
200257101 353897589
200257101 354200202
200257101 400735521
200257101 414036695
200257101 415528513
200257101 415833710
200257101 469599678
200257101 527242754
213236532 3625667
213236532 3995793
213236532 9040537
213236532 18326628
213236532 45431394
213236532 46714949
213236532 54861493
213236532 121461714
213236532 152902550
213236532 161902170
213236532 213722080
213236532 240871557
213236532 244976790
213236532 354200202
233261204 74667288
233261204 91711415
233261204 143730916
233261204 152902550
233261204 191796111
233261204 213722080
233261204 156121386
233261204 244976790
233261204 262502996
233261204 266025816
233261204 267672622
233261204 275929355
233261204 332405874
233261204 353897589
233261204 354200202
233261204 400735521
233261204 414036695
233261204 415528513
233261204 469599678
244976790 11336556
244976790 40460500
244976790 45431394
244976790 62509090
244976790 71611736
244976790 74667288
244976790 77644865
244976790 85898929
244976790 89147170
244976790 91711415
244976790 92008824
244976790 92173755
244976790 95121355
244976790 104519214
244976790 112011388
244976790 121461714
244976790 134310197
244976790 134495110
244976790 143260979
244976790 148285667
244976790 152525147
244976790 152902550
244976790 152927968
244976790 157203171
244976790 163178390
244976790 167636319
244976790 168742939
244976790 174348272
244976790 192764095
244976790 194925884
244976790 206442081
244976790 213722080
244976790 218235030
244976790 9415552
244976790 46615610
244976790 52320146
244976790 78781543
244976790 86675368
244976790 104551010
244976790 117457407
244976790 156121386
244976790 168029447
244976790 174517786
244976790 194611909
244976790 195542439
244976790 262502996
244976790 266025816
244976790 266722043
244976790 267672622
244976790 271701548
244976790 273708548
244976790 275929355
244976790 312400425
244976790 339854726
244976790 353897589
244976790 354200202
244976790 374782337
244976790 400735521
244976790 414036695
244976790 415528513
244976790 469599678
244976790 499241001
244976790 527242754
262502996 152902550
262502996 9040537
262502996 104551010
262502996 156121386
262502996 266025816
262502996 267672622
262502996 273708548
262502996 275929355
262502996 354200202
262502996 400735521
262502996 414036695
262502996 415528513
262502996 469599678
262502996 499241001
266025816 11336556
266025816 15533001
266025816 40460500
266025816 109563974
266025816 134310197
266025816 152902550
266025816 168742939
266025816 78781543
266025816 156121386
266025816 267672622
266025816 273708548
266025816 275929355
266025816 278605902
266025816 332405874
266025816 354200202
266025816 400735521
266025816 414036695
266025816 415528513
266025816 469599678
266025816 499241001
266025816 527242754
267672622 40460500
267672622 91711415
267672622 109563974
267672622 152902550
267672622 167636319
267672622 191796111
267672622 278605902
267672622 353897589
267672622 354200202
267672622 400735521
267672622 415528513
267672622 469599678
267672622 499241001
267672622 501683555
271701548 275929355
271701548 354200202
273708548 91711415
273708548 109563974
273708548 134310197
273708548 143730916
273708548 152902550
273708548 191796111
273708548 266722043
273708548 332405874
273708548 354200202
273708548 400735521
273708548 415528513
273708548 469599678
273708548 499241001
275929355 109563974
275929355 143730916
275929355 152902550
275929355 167636319
275929355 191796111
275929355 194925884
275929355 213722080
275929355 266722043
275929355 278605902
275929355 353897589
275929355 354200202
275929355 400735521
275929355 415528513
275929355 469599678
275929355 499241001
275929355 527242754
278605902 194925884
278605902 213722080
278605902 400735521
278605902 527242754
354200202 40460500
354200202 45431394
354200202 91711415
354200202 109563974
354200202 123431595
354200202 134310197
354200202 152902550
354200202 164806621
354200202 167636319
354200202 172977425
354200202 191796111
354200202 192764095
354200202 194101816
354200202 194925884
354200202 213722080
354200202 218235030
354200202 242386036
354200202 266722043
354200202 353897589
354200202 9040537
354200202 52320146
354200202 156121386
354200202 174517786
354200202 194611909
354200202 400735521
354200202 414036695
354200202 415528513
354200202 415833710
354200202 469599678
354200202 499241001
354200202 527242754
354200202 561102566
400735521 134310197
400735521 152902550
400735521 167636319
400735521 191796111
400735521 194925884
400735521 213722080
400735521 266722043
400735521 353897589
400735521 9415552
400735521 156121386
400735521 194611909
400735521 414036695
400735521 469599678
400735521 499241001
400735521 527242754
414036695 11336556
414036695 15533001
414036695 40460500
414036695 78394343
414036695 91711415
414036695 92008824
414036695 112011388
414036695 134310197
414036695 152902550
414036695 157203171
414036695 168742939
414036695 332405874
414036695 353897589
414036695 415528513
414036695 469599678
414036695 499241001
415528513 40460500
415528513 134310197
415528513 152902550
415528513 167636319
415528513 191796111
415528513 194925884
415528513 266722043
415528513 353897589
415528513 9040537
415528513 156121386
415528513 174517786
415528513 469599678
415528513 527242754
469599678 40460500
469599678 91711415
469599678 109563974
469599678 152902550
469599678 167636319
469599678 206442081
469599678 353897589
469599678 499241001
469599678 501683555
499241001 15533001
499241001 40460500
499241001 332405874
499241001 104551010
3393434 6221140
3393434 16301321
3393434 53026336
3393434 100279222
6221140 16301321
6221140 28922131
6221140 41366814
6221140 76631293
6221140 83793508
6221140 84359086
6221140 100279222
6221140 105831348
6221140 122274546
6221140 135012887
6221140 142618554
6221140 159324031
6221140 164116410
6221140 169197290
6221140 228305114
6221140 279916679
6221140 309545228
16301321 30627717
16301321 100279222
16301321 164116410
53026336 28922131
53026336 45073049
53026336 83793508
53026336 89147170
53026336 132366540
53026336 142810412
53026336 148285667
53026336 155289053
53026336 155760422
53026336 159324031
53026336 193100120
53026336 279916679
53026336 295939643
53026336 317602262
100279222 28922131
100279222 83793508
100279222 135012887
100279222 147641673
28922131 83793508
28922131 84359086
28922131 105831348
28922131 132366540
28922131 135012887
28922131 159324031
28922131 191796111
28922131 228305114
28922131 295939643
191796111 91711415
191796111 152902550
191796111 167636319
191796111 187224555
191796111 193100120
191796111 213722080
191796111 266722043
191796111 268350365
3625667 3995793
3625667 9040537
3625667 92008824
3995793 9415552
3995793 18326628
3995793 45431394
3995793 110900757
3995793 252161293
9040537 45431394
9040537 156121386
9040537 240871557
9040537 419253619
92008824 11336556
92008824 74667288
92008824 34414484
92008824 104519214
92008824 112011388
92008824 117457407
92008824 134310197
92008824 157203171
92008824 168742939
92008824 195542439
9415552 14160490
9415552 18326628
9415552 21473987
9415552 30627717
9415552 33157497
9415552 34772095
9415552 36316836
9415552 45487671
9415552 47725000
9415552 54861493
9415552 62068922
9415552 71611736
9415552 76659337
9415552 105164867
9415552 110900757
9415552 136569251
9415552 140538212
9415552 158553299
9415552 163615828
9415552 218235030
9415552 218372445
9415552 219253011
9415552 224865993
9415552 476035864
9415552 501754153
18326628 12695853
18326628 29101084
18326628 36316836
18326628 47725000
18326628 54861493
18326628 62068922
18326628 94811204
18326628 110900757
18326628 158553299
18326628 163178390
18326628 163615828
18326628 238317737
18326628 268350365
45431394 419253619
45431394 240871557
110900757 29101084
110900757 45487671
110900757 54861493
110900757 62068922
110900757 105164867
110900757 12695853
110900757 134076737
110900757 135012887
252161293 54861493
11336556 15533001
11336556 46615610
11336556 47725000
11336556 74667288
11336556 77644865
11336556 78394343
11336556 80157718
11336556 86675368
11336556 86757993
11336556 92173755
11336556 112011388
11336556 117457407
11336556 134310197
11336556 134759703
11336556 152927968
11336556 157203171
11336556 168742939
11336556 173612529
11336556 194611909
11336556 195542439
11336556 224800020
11336556 244598037
11336556 332405874
11336556 382183484
14160490 62509090
14160490 85157433
14160490 158553299
14160490 163615828
14160490 268350365
14160490 309545228
84359086 33763227
84359086 41366814
84359086 76631293
84359086 83793508
84359086 105831348
84359086 124755179
84359086 132366540
84359086 133248914
84359086 134934420
84359086 135012887
84359086 142810412
84359086 155760422
84359086 157683127
84359086 158427673
84359086 159324031
84359086 164116410
84359086 279916679
84359086 317602262
132366540 19098966
132366540 41366814
132366540 76631293
132366540 83793508
132366540 105831348
132366540 11704337
132366540 49017016
132366540 133248914
132366540 135012887
132366540 139677370
132366540 142618554
132366540 155289053
132366540 157683127
132366540 158427673
132366540 159324031
132366540 169197290
132366540 182691733
132366540 220269574
132366540 259003822
132366540 279916679
132366540 287742106
132366540 309545228
132366540 317602262
132366540 390750098
156121386 134310197
156121386 155760422
156121386 194101816
41366814 33763227
41366814 11704337
41366814 76631293
41366814 83793508
41366814 87603746
41366814 122274546
41366814 133248914
41366814 142618554
41366814 142810412
41366814 155289053
41366814 157683127
41366814 159324031
41366814 169197290
41366814 279916679
41366814 317602262
76631293 45073049
76631293 11704337
76631293 49017016
76631293 83793508
76631293 105831348
76631293 134344698
76631293 142618554
76631293 142810412
76631293 155289053
76631293 157683127
76631293 158427673
76631293 159324031
76631293 164116410
76631293 169197290
76631293 182691733
76631293 253687252
76631293 279916679
76631293 287742106
76631293 300518887
76631293 390750098
83793508 11704337
83793508 105831348
83793508 122274546
83793508 134344698
83793508 135012887
83793508 142618554
83793508 155289053
83793508 158427673
83793508 159324031
83793508 164116410
83793508 167636319
83793508 169197290
83793508 182691733
83793508 259003822
83793508 279916679
83793508 309545228
83793508 390750098
105831348 19098966
105831348 11704337
105831348 122274546
105831348 124755179
105831348 133248914
105831348 134344698
105831348 142618554
105831348 158427673
105831348 159324031
105831348 169197290
105831348 259003822
105831348 279916679
105831348 390750098
122274546 142618554
122274546 164116410
122274546 182691733
135012887 36316836
135012887 45487671
135012887 54861493
135012887 89147170
135012887 105164867
135012887 164116410
142618554 133248914
142618554 11704337
142618554 158427673
142618554 164116410
142618554 167636319
142618554 169197290
142618554 182691733
142618554 279916679
142618554 287742106
142618554 390750098
159324031 134344698
159324031 157683127
159324031 182691733
159324031 295939643
159324031 324868124
164116410 45073049
164116410 89147170
164116410 133248914
164116410 11704337
164116410 169197290
169197290 182691733
228305114 45073049
228305114 139677370
279916679 155289053
279916679 182691733
279916679 253687252
279916679 259003822
279916679 11704337
279916679 49017016
279916679 317602262
52320146 40460500
52320146 192764095
52320146 353897589
52320146 527242754
109563974 40460500
109563974 91711415
109563974 152902550
109563974 192764095
109563974 194925884
109563974 266722043
134310197 12501323
134310197 74667288
134310197 80157718
134310197 85898929
134310197 92173755
134310197 107526159
134310197 112011388
134310197 117943728
134310197 121461714
134310197 124889819
134310197 34414484
134310197 38326089
134310197 78781543
134310197 86675368
134310197 101306620
134310197 104551010
134310197 117457407
134310197 134495110
134310197 134759703
134310197 135931761
134310197 143260979
134310197 148285667
134310197 149076723
134310197 152927968
134310197 157203171
134310197 158859802
134310197 160775478
134310197 161902170
134310197 163360530
134310197 167636319
134310197 168742939
134310197 169068824
134310197 172977425
134310197 173612529
134310197 174348272
134310197 187224555
134310197 195542439
134310197 244598037
134310197 257643119
134310197 324868124
134310197 339854726
134310197 374782337
143730916 332405874
152902550 40460500
152902550 91711415
152902550 174517786
152902550 194101816
152902550 194925884
152902550 206442081
152902550 213722080
152902550 266722043
152902550 353897589
152902550 527242754
152902550 561102566
167636319 353897589
194611909 15533001
194611909 40460500
194611909 74667288
194611909 192764095
194611909 213722080
194611909 218235030
194611909 353897589
194611909 527242754
194925884 91711415
194925884 134759703
194925884 192764095
194925884 193100120
194925884 213722080
194925884 266722043
194925884 527242754
206442081 192764095
206442081 213722080
266722043 40460500
266722043 91711415
266722043 192764095
266722043 213722080
266722043 218235030
266722043 353897589
268350365 187224555
268350365 322633332
561102566 501683555
40460500 89147170
40460500 192764095
40460500 213722080
40460500 218235030
40460500 353897589
40460500 415833710
40460500 527242754
167746921 77644865
167746921 152927968
167746921 157620140
167746921 78781543
167746921 104551010
167746921 172977425
167746921 200332400
167746921 242386036
167746921 256404652
167746921 296350627
15533001 87603746
15533001 101306620
15533001 112011388
15533001 135931761
15533001 174348272
15533001 244598037
15533001 339854726
46615610 74667288
46615610 112011388
46615610 157203171
46615610 173612529
46615610 374782337
47725000 78394343
47725000 80157718
47725000 89678716
74667288 34414484
74667288 77644865
74667288 78781543
74667288 104519214
74667288 107526159
74667288 112011388
74667288 117457407
74667288 134495110
74667288 135931761
74667288 152927968
74667288 157203171
74667288 161902170
74667288 163178390
74667288 168742939
74667288 173612529
74667288 195542439
74667288 213722080
74667288 224800020
74667288 240871557
74667288 257643119
74667288 332405874
74667288 339854726
74667288 434850498
77644865 62509090
77644865 86675368
77644865 95121355
77644865 101821317
77644865 157203171
77644865 161902170
77644865 163615828
77644865 187224555
77644865 195542439
77644865 224800020
77644865 240871557
77644865 296350627
78394343 80157718
78394343 104551010
78394343 112011388
78394343 117457407
78394343 157203171
78394343 168742939
80157718 112011388
80157718 117457407
80157718 157203171
86675368 62509090
86675368 87603746
86675368 92173755
86675368 107526159
86675368 117943728
86675368 134495110
86675368 134759703
86675368 148285667
86675368 168742939
86675368 224800020
86675368 244598037
86675368 312400425
86757993 33157497
86757993 71611736
86757993 147641673
86757993 150767625
86757993 157203171
86757993 332405874
92173755 12501323
92173755 62509090
92173755 78781543
92173755 101306620
92173755 107526159
92173755 117457407
92173755 117943728
92173755 148285667
92173755 168742939
92173755 244598037
112011388 33763227
112011388 71611736
112011388 85898929
112011388 87603746
112011388 87626516
112011388 104519214
112011388 34414484
112011388 38326089
112011388 78781543
112011388 101306620
112011388 104551010
112011388 117457407
112011388 121461714
112011388 122074999
112011388 122497657
112011388 134495110
112011388 134759703
112011388 135931761
112011388 140435062
112011388 143260979
112011388 149076723
112011388 152927968
112011388 157203171
112011388 160775478
112011388 163070802
112011388 168029447
112011388 168742939
112011388 169068824
112011388 173612529
112011388 174348272
112011388 195542439
112011388 208721280
112011388 210057567
112011388 224800020
112011388 244598037
112011388 245303735
112011388 257424972
112011388 257643119
112011388 275189735
112011388 324868124
112011388 332405874
112011388 374782337
112011388 382183484
117457407 62509090
117457407 121461714
117457407 148285667
117457407 152927968
117457407 157203171
117457407 168742939
117457407 173612529
134759703 12501323
134759703 104519214
134759703 107526159
134759703 117943728
134759703 121461714
134759703 124889819
134759703 134495110
134759703 38326089
134759703 78781543
134759703 101306620
134759703 104551010
134759703 135931761
134759703 158859802
134759703 169068824
134759703 173612529
134759703 174348272
134759703 195542439
134759703 238317737
134759703 257643119
134759703 339854726
152927968 142233953
152927968 34414484
152927968 78781543
152927968 104551010
152927968 135931761
152927968 161902170
152927968 168742939
152927968 173612529
152927968 195542439
152927968 224800020
152927968 240871557
152927968 287742106
152927968 312400425
152927968 374782337
157203171 104551010
157203171 168029447
157203171 168742939
157203171 187224555
157203171 195542439
168742939 12501323
168742939 104519214
168742939 134495110
168742939 149076723
168742939 158859802
168742939 34414484
168742939 38326089
168742939 78781543
168742939 101306620
168742939 135931761
168742939 169068824
168742939 173612529
168742939 174348272
168742939 187224555
168742939 195542439
168742939 208721280
168742939 224800020
168742939 240871557
168742939 244598037
168742939 257643119
173612529 62509090
173612529 85898929
173612529 87603746
173612529 87626516
173612529 104519214
173612529 121461714
173612529 124889819
173612529 134495110
173612529 140846412
173612529 163070802
173612529 38326089
173612529 78781543
173612529 101306620
173612529 135931761
173612529 187224555
173612529 195542439
173612529 208721280
173612529 244598037
173612529 245303735
173612529 257643119
173612529 312400425
173612529 324868124
173612529 373112454
195542439 12501323
195542439 62509090
195542439 87626516
195542439 104519214
195542439 107526159
195542439 121461714
195542439 124889819
195542439 134495110
195542439 143260979
195542439 174348272
195542439 187224555
195542439 224800020
195542439 244598037
224800020 62509090
224800020 71611736
224800020 107526159
224800020 161902170
224800020 240871557
224800020 296350627
244598037 71611736
244598037 85898929
244598037 87603746
244598037 87626516
244598037 117943728
244598037 121461714
244598037 143260979
244598037 149076723
244598037 163360530
244598037 174348272
244598037 182981380
244598037 208721280
244598037 78781543
244598037 101306620
244598037 104551010
244598037 122074999
244598037 122497657
244598037 135931761
244598037 140435062
244598037 160775478
244598037 168029447
244598037 169068824
244598037 257424972
244598037 275189735
244598037 281743475
244598037 312400425
244598037 324868124
244598037 339854726
244598037 382183484
332405874 104551010
382183484 71611736
382183484 87603746
382183484 87626516
382183484 121461714
382183484 142233953
382183484 143260979
382183484 174348272
382183484 208721280
382183484 245303735
12501323 38326089
12501323 78781543
12501323 95121355
12501323 101306620
12501323 104519214
12501323 104551010
12501323 107526159
12501323 117943728
12501323 124889819
12501323 135931761
12501323 148285667
12501323 158859802
12501323 168029447
12501323 169068824
12501323 174348272
12501323 253687252
12501323 257424972
12501323 257643119
12501323 312400425
12501323 324868124
12501323 339854726
38326089 104519214
38326089 124889819
38326089 134495110
38326089 312400425
78781543 33763227
78781543 85898929
78781543 87603746
78781543 104519214
78781543 107526159
78781543 117943728
78781543 121461714
78781543 124889819
78781543 134495110
78781543 149076723
78781543 152525147
78781543 158859802
78781543 174348272
78781543 257643119
78781543 312400425
95121355 29101084
95121355 105164867
95121355 253687252
101306620 87603746
101306620 104519214
101306620 105516858
101306620 134495110
101306620 174348272
101306620 187224555
101306620 192922385
101306620 257643119
104519214 107526159
104519214 135931761
104519214 169068824
104519214 257424972
104519214 257643119
104519214 324868124
104551010 71611736
104551010 87603746
104551010 107526159
104551010 124889819
104551010 143260979
104551010 157620140
104551010 163178390
104551010 174348272
104551010 200332400
104551010 312400425
107526159 62509090
107526159 121461714
107526159 135931761
107526159 168029447
107526159 169068824
107526159 174348272
107526159 200332400
107526159 257424972
107526159 312400425
107526159 324868124
107526159 339854726
117943728 34414484
117943728 124889819
117943728 135931761
117943728 148285667
117943728 152855179
117943728 158859802
117943728 174348272
117943728 174517786
117943728 281743475
117943728 312400425
117943728 339854726
124889819 34414484
124889819 135931761
124889819 158859802
124889819 174348272
124889819 275189735
124889819 281743475
124889819 312400425
124889819 339854726
135931761 87603746
135931761 134495110
135931761 148285667
135931761 174348272
135931761 257643119
135931761 374782337
148285667 62509090
148285667 71611736
148285667 89147170
148285667 105164867
148285667 158859802
148285667 174348272
148285667 312400425
148285667 339854726
158859802 121461714
158859802 34414484
158859802 169068824
158859802 174348272
158859802 275189735
158859802 281743475
158859802 339854726
168029447 85898929
168029447 87603746
168029447 87626516
168029447 121461714
168029447 143260979
168029447 149076723
168029447 158209704
168029447 208721280
168029447 268578523
169068824 87603746
169068824 121461714
169068824 142233953
169068824 143260979
169068824 174348272
169068824 245303735
169068824 257643119
169068824 312400425
174348272 87603746
174348272 121461714
174348272 134495110
174348272 142233953
174348272 143260979
174348272 122497657
174348272 160775478
174348272 208721280
174348272 245303735
174348272 257424972
174348272 257643119
174348272 275189735
174348272 324868124
174348272 339854726
253687252 155289053
253687252 11704337
257424972 87603746
257424972 142233953
257424972 143260979
257643119 62509090
257643119 89147170
257643119 134495110
257643119 140846412
257643119 142233953
257643119 161902170
257643119 163070802
257643119 165357263
257643119 187224555
257643119 208721280
257643119 213722080
257643119 245303735
257643119 34414484
257643119 193100120
257643119 324868124
257643119 373112454
312400425 89147170
312400425 34414484
312400425 339854726
324868124 87603746
324868124 121461714
324868124 139677370
324868124 142233953
324868124 143260979
339854726 62509090
339854726 85898929
339854726 121461714
339854726 134495110
339854726 281743475
62509090 134495110
62509090 163615828
85157433 29101084
85157433 36316836
85157433 45487671
85157433 71611736
85157433 89678716
85157433 102386374
85157433 105164867
85157433 158553299
85157433 163615828
85157433 238317737
158553299 29101084
158553299 45487671
158553299 71611736
158553299 89678716
158553299 94811204
158553299 102386374
158553299 105164867
158553299 105516858
158553299 150767625
158553299 163615828
158553299 192922385
158553299 238317737
158553299 268578523
163615828 29101084
163615828 36316836
163615828 45487671
163615828 71611736
163615828 89678716
163615828 91711415
163615828 94811204
163615828 102386374
163615828 105164867
163615828 105516858
163615828 12695853
163615828 134076737
163615828 460556810
87603746 85898929
87603746 87626516
87603746 121461714
87603746 122074999
87603746 122497657
87603746 134495110
87603746 140435062
87603746 143260979
87603746 149076723
87603746 160775478
87603746 163360530
87603746 182981380
87603746 208721280
87603746 210057567
30627717 21473987
30627717 136569251
54861493 62068922
54861493 134076737
89147170 142810412
89147170 300518887
157620140 71611736
157620140 140435062
157620140 172977425
157620140 242386036
157620140 256404652
157620140 296350627
12695853 29101084
12695853 36316836
12695853 45487671
12695853 62068922
12695853 102386374
29101084 36316836
29101084 45487671
29101084 62068922
29101084 94811204
29101084 102386374
29101084 142134541
29101084 150767625
29101084 192922385
29101084 238317737
36316836 45487671
36316836 62068922
36316836 71611736
36316836 94811204
36316836 105164867
36316836 150767625
62068922 45487671
62068922 102386374
62068922 105164867
62068922 238317737
94811204 45487671
94811204 71611736
94811204 105164867
94811204 105516858
94811204 108296139
94811204 142134541
94811204 150767625
94811204 223646659
94811204 238317737
94811204 268578523
94811204 317602262
163178390 52179590
163178390 101821317
163178390 152525147
163178390 187224555
238317737 45487671
238317737 102386374
238317737 150767625
33763227 157683127
140846412 123431595
140846412 142233953
140846412 161902170
140846412 163070802
140846412 165357263
142233953 85898929
142233953 34414484
142233953 143260979
142233953 149076723
142233953 160775478
142233953 161902170
142233953 172977425
142233953 182981380
142233953 193100120
142233953 208721280
143260979 85898929
143260979 121461714
143260979 140435062
143260979 147168696
143260979 149076723
143260979 160775478
143260979 208721280
147641673 34772095
147641673 140538212
147641673 218372445
152525147 101821317
157683127 155289053
157683127 11704337
157683127 220269574
210057567 149076723
19098966 193100120
19098966 45073049
193100120 45073049
193100120 123431595
193100120 161902170
193100120 163070802
193100120 165357263
91711415 174517786
213722080 192764095
213722080 218235030
213722080 224865993
213722080 353897589
213722080 434850498
213722080 527242754
242386036 172977425
242386036 256404652
242386036 296350627
353897589 192764095
353897589 218235030
353897589 527242754
21473987 33157497
21473987 34772095
21473987 136569251
21473987 140538212
21473987 501754153
33157497 34772095
33157497 136569251
33157497 140538212
33157497 218372445
33157497 501754153
34772095 136569251
34772095 140538212
34772095 218372445
34772095 501754153
136569251 140538212
136569251 218372445
136569251 338390440
136569251 501754153
140538212 218372445
140538212 338390440
140538212 501754153
501754153 218372445
295939643 434850498
45487671 102386374
45487671 105164867
45487671 134076737
45487671 150767625
102386374 105164867
102386374 150767625
102386374 192922385
142134541 71611736
142134541 89678716
142134541 105516858
142134541 108296139
142134541 128566600
142134541 149175170
142134541 192922385
142134541 268578523
150767625 71611736
150767625 192922385
192922385 87626516
192922385 105516858
192922385 223646659
192922385 660811970
160775478 147168696
160775478 149076723
160775478 163360530
160775478 172977425
160775478 182981380
160775478 208721280
160775478 281743475
527242754 192764095
527242754 218235030
218372445 218235030
218372445 338390440
322633332 123431595
71611736 87626516
71611736 105164867
71611736 122497657
71611736 268578523
105164867 105516858
105164867 108296139
192764095 218235030
415833710 139677370
415833710 194101816
415833710 251984940
11704337 134344698
11704337 134934420
11704337 155289053
11704337 182691733
11704337 390750098
133248914 142810412
133248914 182691733
133248914 287742106
133248914 390750098
142810412 300518887
155289053 134934420
317602262 139677370
317602262 155760422
134076737 76659337
134076737 219253011
134076737 224865993
134076737 476035864
134076737 536623629
121461714 85898929
121461714 87626516
121461714 122497657
121461714 208721280
281743475 152855179
281743475 34414484
281743475 434850498
434850498 101821317
140665014 152855179
161902170 123431595
161902170 163070802
161902170 165357263
161902170 240871557
161902170 374782337
161902170 380139976
161902170 499401228
161902170 590375749
161902170 658648838
161902170 676807452
240871557 374782337
240871557 380139976
240871557 499401228
240871557 590375749
240871557 658648838
240871557 676807452
68651486 124755179
124755179 134934420
124755179 139677370
124755179 158427673
87626516 85898929
87626516 182981380
87626516 208721280
268578523 105516858
268578523 108296139
268578523 128566600
268578523 223646659
268578523 660811970
49017016 390750098
134344698 182691733
134344698 390750098
158427673 139677370
158427673 182691733
158427673 287742106
158427673 390750098
182691733 287742106
287742106 139677370
287742106 390750098
390750098 139677370
76659337 51946292
76659337 154525114
76659337 219253011
76659337 224865993
76659337 423022606
76659337 460556810
76659337 476035864
76659337 536623629
51946292 536623629
154525114 536623629
219253011 423022606
219253011 476035864
219253011 536623629
423022606 476035864
460556810 476035864
460556810 536623629
476035864 536623629
101821317 149076723
101821317 172977425
296350627 172977425
296350627 256404652
85898929 140435062
85898929 149076723
85898929 182981380
85898929 208721280
140435062 149076723
140435062 163360530
140435062 172977425
140435062 182981380
140435062 208721280
149076723 163360530
149076723 172977425
149076723 182981380
149076723 208721280
182981380 163360530
182981380 122074999
182981380 208721280
182981380 245303735
208721280 122074999
208721280 245303735
163360530 172977425
105516858 108296139
105516858 223646659
108296139 223646659
163070802 165357263
194101816 164806621
380139976 499401228
380139976 658648838
380139976 676807452
499401228 590375749
499401228 658648838
499401228 676807452
590375749 658648838
590375749 676807452
658648838 676807452
501683555 373112454
